1.949512e+00
2.225983e+00
1.803995e+00
2.606876e+00
2.138060e+00
2.477034e+00
2.745196e+00
3.022201e+00
2.949627e+00
3.051508e+00
2.920959e+00
2.905323e+00
2.880416e+00
3.011412e+00
2.566125e+00
2.246352e+00
2.741842e+00
2.664470e+00
2.907456e+00
3.066154e+00
2.613924e+00
2.274159e+00
2.439283e+00
1.798610e+00
1.674335e+00
1.427445e+00
1.191344e+00
1.070467e+00
9.483142e-01
1.401642e+00
1.665022e+00
1.378912e+00
1.560545e+00
1.697792e+00
1.826773e+00
1.985799e+00
1.968223e+00
2.685479e+00
2.167233e+00
2.266936e+00
2.572101e+00
2.879826e+00
2.725087e+00
2.703701e+00
2.480443e+00
2.600557e+00
2.558554e+00
2.258694e+00
2.371666e+00
2.133401e+00
2.970808e+00
2.940850e+00
2.864576e+00
2.429835e+00
2.863581e+00
2.500200e+00
2.568073e+00
2.568754e+00
2.274379e+00
2.282017e+00
2.179771e+00
2.591409e+00
2.753779e+00
2.861485e+00
2.825632e+00
3.524089e+00
3.190517e+00
2.914670e+00
3.184619e+00
3.314619e+00
3.587241e+00
4.196403e+00
4.377739e+00
4.438243e+00
3.708908e+00
3.573136e+00
3.942258e+00
3.743701e+00
3.969748e+00
3.555967e+00
3.455936e+00
3.256332e+00
3.613156e+00
3.944249e+00
4.056538e+00
3.328153e+00
3.839245e+00
3.711307e+00
2.731318e+00
3.331381e+00
2.862132e+00
2.604803e+00
2.901896e+00
3.213627e+00
2.940561e+00
2.892991e+00
2.784923e+00
3.277590e+00
3.298272e+00
3.982926e+00
4.000374e+00
2.966429e+00
2.890069e+00
3.308322e+00
3.221088e+00
2.720827e+00
2.961840e+00
2.758007e+00
2.174879e+00
2.151511e+00
2.305255e+00
2.495295e+00
2.342200e+00
2.120966e+00
2.445813e+00
2.721359e+00
2.176833e+00
1.771779e+00
1.404315e+00
8.537565e-01
1.199041e+00
1.214001e+00
1.491442e+00
2.244393e+00
2.540866e+00
2.385372e+00
2.193194e+00
2.064025e+00
1.550323e+00
1.504493e+00
1.479223e+00
1.669910e+00
2.301499e+00
2.463392e+00
1.732802e+00
1.939845e+00
1.955557e+00
2.183621e+00
2.237610e+00
2.453528e+00
2.927764e+00
2.575791e+00
2.589981e+00
2.687229e+00
1.470374e+00
2.225915e+00
2.154321e+00
3.012558e+00
2.683449e+00
2.335872e+00
2.715898e+00
2.394953e+00
3.309895e+00
2.884041e+00
3.230479e+00
3.229876e+00
3.118109e+00
3.741737e+00
3.372077e+00
3.247614e+00
3.407800e+00
3.014448e+00
3.008471e+00
3.044158e+00
3.084494e+00
2.399729e+00
2.705809e+00
2.995296e+00
3.024367e+00
2.600481e+00
3.129361e+00
3.299241e+00
3.532053e+00
3.428031e+00
4.374779e+00
4.504498e+00
4.616515e+00
4.494730e+00
5.044820e+00
4.489120e+00
4.473958e+00
4.921901e+00
4.089939e+00
4.575916e+00
3.856644e+00
3.981721e+00
3.243008e+00
3.501613e+00
2.780881e+00
2.425304e+00
3.022233e+00
2.477903e+00
3.040674e+00
3.349388e+00
3.196420e+00
2.853507e+00
3.826094e+00
3.682717e+00
3.640055e+00
3.496927e+00
3.202577e+00
3.084769e+00
2.752326e+00
2.527726e+00
2.615855e+00
2.550079e+00
2.383569e+00
2.368459e+00
2.087894e+00
1.696761e+00
1.600312e+00
1.424465e+00
2.071376e+00
1.983179e+00
2.235531e+00
2.010223e+00
1.523712e+00
9.390952e-01
1.180212e+00
1.579461e+00
1.479358e+00
1.612513e+00
1.684428e+00
1.736260e+00
1.952972e+00
1.042688e+00
1.001349e+00
7.775605e-01
6.583311e-01
4.836318e-01
4.310451e-01
4.716986e-01
7.735624e-01
4.936604e-01
6.877497e-01
1.229228e+00
1.138508e+00
1.308970e+00
1.652090e+00
1.783956e+00
2.154763e+00
1.797998e+00
2.442069e+00
2.333773e+00
1.793433e+00
1.986579e+00
2.090431e+00
2.678601e+00
2.683375e+00
3.025821e+00
2.990602e+00
2.128896e+00
2.883834e+00
2.604765e+00
2.703053e+00
2.631121e+00
2.894408e+00
3.167239e+00
3.091051e+00
3.356278e+00
2.596382e+00
2.816398e+00
2.029310e+00
2.094707e+00
2.815741e+00
3.173217e+00
2.481512e+00
2.397936e+00
1.780899e+00
1.850756e+00
1.740057e+00
1.883242e+00
1.854319e+00
2.402624e+00
2.516048e+00
3.865592e+00
3.322619e+00
3.407668e+00
3.701162e+00
2.531442e+00
3.612506e+00
2.136960e+00
2.560742e+00
2.204496e+00
2.510479e+00
2.447142e+00
1.892643e+00
2.037989e+00
1.437429e+00
1.736923e+00
1.980531e+00
1.333492e+00
1.890423e+00
1.641066e+00
3.172806e+00
2.348298e+00
2.317542e+00
2.366812e+00
1.901393e+00
1.215607e+00
2.559336e+00
2.636590e+00
2.914104e+00
2.759294e+00
3.439608e+00
3.132092e+00
3.255565e+00
2.741825e+00
2.745559e+00
2.896447e+00
2.304539e+00
3.010730e+00
3.180832e+00
3.613793e+00
3.459277e+00
4.079583e+00
4.419207e+00
3.541481e+00
3.895677e+00
3.747718e+00
3.714970e+00
2.774076e+00
3.040708e+00
3.497098e+00
3.817930e+00
4.216029e+00
4.288974e+00
3.377188e+00
3.821140e+00
3.779603e+00
3.516162e+00
3.523904e+00
4.008255e+00
3.929695e+00
3.385498e+00
4.299186e+00
4.072960e+00
4.374540e+00
4.211045e+00
4.129817e+00
4.211045e+00
3.410014e+00
4.137729e+00
4.601314e+00
3.961477e+00
4.209989e+00
4.110876e+00
4.136871e+00
4.391150e+00
4.591666e+00
4.824334e+00
4.388177e+00
3.770305e+00
3.665979e+00
3.446593e+00
2.768465e+00
2.103402e+00
3.398603e+00
3.600889e+00
3.003897e+00
2.718032e+00
2.224792e+00
2.772616e+00
3.096870e+00
2.536021e+00
2.163932e+00
1.275382e+00
1.675082e+00
1.163915e+00
1.170427e+00
1.945071e+00
2.002199e+00
2.543324e+00
2.127252e+00
2.555973e+00
2.144854e+00
1.916690e+00
2.733295e+00
3.171955e+00
3.002632e+00
2.892888e+00
1.639329e+00
2.346678e+00
2.198045e+00
2.180597e+00
2.225331e+00
1.925045e+00
1.379094e+00
2.137733e+00
1.275501e+00
1.064941e+00
1.360662e+00
1.285651e+00
1.144159e+00
1.217333e+00
9.762170e-01
1.341678e+00
9.785703e-01
4.372640e-01
6.603786e-01
5.212486e-01
5.558781e-01
1.454304e+00
1.236163e+00
1.470884e+00
1.018675e+00
1.034988e+00
1.219549e+00
1.420915e+00
2.017151e+00
1.565790e+00
1.233248e+00
1.821895e+00
1.795662e+00
1.438888e+00
1.498432e+00
9.891915e-01
1.019117e+00
1.070747e+00
6.624196e-01
1.167004e+00
1.461814e+00
1.132652e+00
1.163658e+00
1.033151e+00
5.012981e-01
1.013163e+00
8.765272e-01
4.328981e-01
4.509983e-01
4.342811e-01
4.704254e-01
7.685055e-01
7.905689e-01
1.067568e+00
8.637708e-01
4.379492e-01
4.713811e-01
4.432828e-01
4.615192e-01
4.342811e-01
3.871695e-01
3.925559e-01
4.337045e-01
4.173727e-01
4.584756e-01
4.249705e-01
3.681037e-01
3.753667e-01
3.959794e-01
5.151697e-01
4.576024e-01
4.305810e-01
5.767148e-01
4.960844e-01
4.538721e-01
4.424929e-01
4.636811e-01
4.433951e-01
5.247853e-01
4.007494e-01
4.570556e-01
4.478843e-01
4.613028e-01
4.276689e-01
4.509989e-01
4.159332e-01
4.050924e-01
4.411353e-01
4.066938e-01
4.438474e-01
4.171332e-01
4.161722e-01
4.635730e-01
4.940647e-01
4.589121e-01
4.372643e-01
4.217817e-01
4.080446e-01
3.911518e-01
4.302326e-01
3.774922e-01
3.710795e-01
3.830149e-01
3.786819e-01
3.899997e-01
3.726931e-01
3.867819e-01
3.813128e-01
3.993743e-01
3.778891e-01
3.964844e-01
4.019946e-01
3.637304e-01
3.910241e-01
3.987477e-01
3.522785e-01
3.910245e-01
3.923007e-01
4.526596e-01
4.013723e-01
4.290688e-01
4.301171e-01
3.884586e-01
3.981205e-01
3.905128e-01
3.840579e-01
3.702696e-01
3.828840e-01
3.906399e-01
3.637309e-01
3.765630e-01
3.706751e-01
3.741652e-01
3.802636e-01
3.524201e-01
3.586088e-01
3.801309e-01
3.853571e-01
3.826223e-01
3.661965e-01
3.879432e-01
3.942081e-01
4.049694e-01
3.602774e-01
4.001246e-01
3.993744e-01
3.722907e-01
3.889725e-01
3.865230e-01
3.920459e-01
3.844474e-01
3.910244e-01
4.053394e-01
3.737642e-01
3.790778e-01
3.549651e-01
3.623532e-01
3.813137e-01
3.517103e-01
3.947155e-01
3.832754e-01
3.624915e-01
3.573520e-01
3.925564e-01
3.765632e-01
3.776239e-01
4.308130e-01
3.601390e-01
3.720212e-01
3.640060e-01
3.952218e-01
3.870403e-01
3.843176e-01
3.819683e-01
3.769615e-01
3.923008e-01
3.742996e-01
3.906398e-01
3.865226e-01
3.806568e-01
3.766962e-01
3.722901e-01
4.086567e-01
4.134000e-01
4.197615e-01
4.071853e-01
3.921732e-01
3.785501e-01
4.044750e-01
4.204761e-01
4.001250e-01
4.002503e-01
4.373780e-01
4.037328e-01
3.997497e-01
4.148494e-01
4.134008e-01
4.080441e-01
3.899999e-01
3.900001e-01
3.972399e-01
4.158128e-01
4.204760e-01
3.744325e-01
4.159328e-01
4.188077e-01
3.983715e-01
3.813136e-01
3.911521e-01
3.942083e-01
3.792098e-01
3.930646e-01
3.956012e-01
3.641433e-01
3.867806e-01
3.940820e-01
3.683743e-01
3.910238e-01
4.012487e-01
3.813133e-01
4.189272e-01
3.745665e-01
4.120678e-01
3.853571e-01
4.045979e-01
3.888445e-01
3.906403e-01
3.880725e-01
4.186880e-01
4.207143e-01
3.991242e-01
3.931925e-01
3.860050e-01
3.689170e-01
3.414673e-01
3.945883e-01
3.840573e-01
3.712140e-01
3.920462e-01
3.871691e-01
3.905124e-01
3.796048e-01
3.979953e-01
3.819690e-01
4.120679e-01
3.949684e-01
3.738987e-01
3.840568e-01
3.942080e-01
3.976181e-01
4.050928e-01
3.792091e-01
3.865224e-01
3.325653e-01
3.430747e-01
3.883296e-01
3.436565e-01
3.641428e-01
3.505712e-01
3.860057e-01
3.834058e-01
3.867815e-01
3.780217e-01
3.974923e-01
3.921738e-01
3.986227e-01
3.749660e-01
3.818379e-01
3.921734e-01
3.848374e-01
3.674237e-01
3.717523e-01
3.710789e-01
3.963580e-01
3.848381e-01
3.860050e-01
3.732295e-01
3.867814e-01
3.734968e-01
3.974924e-01
3.611100e-01
3.935734e-01
4.006240e-01
3.844478e-01
3.863939e-01
3.936997e-01
3.757666e-01
3.466985e-01
3.844476e-01
3.929376e-01
3.745660e-01
3.562307e-01
3.961060e-01
3.961062e-01
3.714832e-01
3.801317e-01
3.818374e-01
3.818379e-01
3.762982e-01
3.512837e-01
3.760324e-01
4.066944e-01
3.758990e-01
3.738981e-01
3.668787e-01
3.861347e-01
3.619389e-01
3.892295e-01
3.624910e-01
3.656501e-01
3.773602e-01
3.701347e-01
3.661969e-01
3.891017e-01
3.986230e-01
3.940815e-01
3.671508e-01
3.848374e-01
3.710799e-01
3.910245e-01
3.867819e-01
3.641430e-01
3.758994e-01
3.903845e-01
3.883300e-01
3.770943e-01
3.498574e-01
3.952210e-01
4.017463e-01
3.661960e-01
3.501422e-01
3.800000e-01
3.757659e-01
3.966109e-01
3.757657e-01
3.912792e-01
3.820994e-01
3.822301e-01
3.818375e-01
3.894869e-01
4.060791e-01
3.721565e-01
3.745667e-01
3.423443e-01
3.579111e-01
3.823612e-01
3.608325e-01
3.848374e-01
3.544009e-01
3.629047e-01
3.737644e-01
3.828840e-01
3.749664e-01
3.721553e-01
3.714834e-01
3.601393e-01
3.774917e-01
3.640054e-01
3.637308e-01
3.591661e-01
3.722901e-01
3.762974e-01
3.920456e-01
3.645540e-01
3.701349e-01
3.501426e-01
3.813134e-01
3.736305e-01
3.802631e-01
3.910241e-01
3.834054e-01
3.668791e-01
3.611095e-01
3.581903e-01
3.689178e-01
3.766961e-01
3.786817e-01
3.477064e-01
3.477066e-01
3.733634e-01
3.974916e-01
3.605552e-01
3.595830e-01
3.604165e-01
3.691883e-01
3.733630e-01
3.716182e-01
3.640056e-01
3.776241e-01
3.627672e-01
3.865227e-01
3.844478e-01
3.834050e-01
3.861347e-01
4.036089e-01
3.528454e-01
3.786819e-01
3.777568e-01
3.701349e-01
3.765634e-01
3.826223e-01
3.706749e-01
3.792095e-01
3.604158e-01
3.713492e-01
3.334669e-01
3.849673e-01
3.874276e-01
3.769614e-01
3.832753e-01
3.539777e-01
3.828844e-01
3.796048e-01
3.894869e-01
3.689179e-01
3.725587e-01
3.402939e-01
3.748333e-01
3.769618e-01
3.822303e-01
3.586085e-01
3.765630e-01
3.687820e-01
3.648286e-01
3.635931e-01
3.645546e-01
3.721555e-01
3.591659e-01
3.602773e-01
3.672877e-01
3.659229e-01
3.748332e-01
3.690531e-01
3.796046e-01
3.586087e-01
3.646917e-01
3.689169e-01
3.834058e-01
3.813133e-01
3.689169e-01
3.583289e-01
3.528462e-01
3.742989e-01
3.674238e-01
3.640055e-01
3.635931e-01
3.674231e-01
3.722906e-01
3.884584e-01
3.563700e-01
3.546829e-01
3.477066e-01
3.889734e-01
3.499999e-01
3.562302e-01
3.619385e-01
3.769611e-01
3.693243e-01
3.828844e-01
3.420525e-01
3.512833e-01
3.910243e-01
3.840579e-01
3.674228e-01
3.681029e-01
3.758992e-01
3.600005e-01
3.827535e-01
3.539780e-01
3.801314e-01
3.710800e-01
3.840577e-01
3.535532e-01
3.837962e-01
3.514252e-01
3.734974e-01
3.656496e-01
3.615240e-01
3.809199e-01
3.635931e-01
3.777568e-01
3.758987e-01
3.734969e-01
3.921737e-01
3.691882e-01
4.016207e-01
3.689180e-01
3.745656e-01
3.584694e-01
3.849671e-01
3.652397e-01
3.788143e-01
3.762978e-01
3.754993e-01
3.911520e-01
3.796048e-01
3.700003e-01
3.518526e-01
3.624910e-01
3.695945e-01
3.710805e-01
3.655130e-01
3.710797e-01
3.538368e-01
3.438023e-01
3.738984e-01
3.674231e-01
3.766961e-01
3.453984e-01
3.672874e-01
3.443831e-01
3.858762e-01
3.769616e-01
3.768283e-01
3.509983e-01
3.522783e-01
3.705401e-01
3.595831e-01
3.800000e-01
3.753671e-01
3.822304e-01
3.534115e-01
3.605545e-01
3.716176e-01
3.541190e-01
3.865225e-01
3.601395e-01
3.640054e-01
3.637301e-01
3.672876e-01
3.693238e-01
3.867820e-01
3.524203e-01
3.385260e-01
3.713488e-01
3.590265e-01
3.695934e-01
3.737652e-01
3.597220e-01
3.710794e-01
3.641433e-01
3.590269e-01
3.910238e-01
3.407341e-01
3.695942e-01
3.641430e-01
3.861347e-01
3.713489e-01
3.551058e-01
3.674236e-01
3.753659e-01
3.834055e-01
3.701345e-01
3.539771e-01
3.580502e-01
3.682391e-01
3.498572e-01
3.599997e-01
3.695941e-01
3.891010e-01
3.367493e-01
3.769614e-01
3.629043e-01
3.765635e-01
3.694592e-01
3.509983e-01
3.871689e-01
3.574916e-01
3.627672e-01
3.586085e-01
3.433661e-01
3.879438e-01
3.674236e-01
3.813139e-01
3.601379e-01
3.590265e-01
3.668789e-01
3.420525e-01
3.518524e-01
3.668786e-01
3.534118e-01
3.834058e-01
3.648285e-01
3.780208e-01
3.706751e-01
3.734973e-01
3.518520e-01
3.785498e-01
3.760320e-01
3.640050e-01
3.652394e-01
3.471314e-01
3.828844e-01
3.879438e-01
3.528455e-01
3.489989e-01
3.534126e-01
3.525624e-01
3.635936e-01
3.611090e-01
3.721559e-01
3.726925e-01
3.590257e-01
3.661964e-01
3.426360e-01
3.512833e-01
3.612477e-01
3.586081e-01
3.670147e-01
3.562303e-01
3.498568e-01
3.652398e-01
3.545420e-01
3.377872e-01
3.765630e-01
3.595825e-01
3.806574e-01
3.397066e-01
3.522781e-01
3.721549e-01
3.832755e-01
3.811823e-01
3.672870e-01
3.613859e-01
3.717532e-01
3.777573e-01
3.848372e-01
3.745659e-01
3.586082e-01
3.646927e-01
3.689170e-01
3.645544e-01
3.777568e-01
3.548237e-01
3.676958e-01
3.705404e-01
3.721559e-01
3.765639e-01
3.753670e-01
3.785501e-01
3.663332e-01
3.844475e-01
3.867815e-01
3.790778e-01
3.681035e-01
3.717528e-01
3.848373e-01
3.667429e-01
3.562302e-01
3.695946e-01
3.588875e-01
3.640056e-01
3.492851e-01
3.722901e-01
3.574913e-01
3.597224e-01
3.604168e-01
3.563704e-01
3.801321e-01
3.802632e-01
3.705401e-01
3.858759e-01
3.579100e-01
3.748334e-01
3.630425e-01
3.645550e-01
3.720210e-01
3.713487e-01
3.806573e-01
3.552464e-01
3.517107e-01
3.623537e-01
3.797372e-01
3.858752e-01
3.745663e-01
3.584697e-01
3.722895e-01
3.518525e-01
3.721558e-01
3.657871e-01
3.645543e-01
3.641429e-01
3.776238e-01
3.541192e-01
3.784178e-01
3.528455e-01
3.536947e-01
3.714831e-01
3.832752e-01
3.597222e-01
3.606937e-01
3.535530e-01
3.695945e-01
3.773589e-01
3.581902e-01
3.606934e-01
3.894871e-01
3.769616e-01
3.753668e-01
3.701355e-01
3.802624e-01
3.544007e-01
3.541181e-01
3.651032e-01
3.709444e-01
3.622158e-01
3.518518e-01
3.679670e-01
3.573518e-01
3.593048e-01
3.556679e-01
3.484249e-01
3.570709e-01
3.498574e-01
3.641422e-01
3.605552e-01
3.472752e-01
3.651024e-01
3.781535e-01
3.681038e-01
3.689170e-01
3.397054e-01
3.640056e-01
3.672876e-01
3.429287e-01
3.728274e-01
3.630424e-01
3.858759e-01
3.376387e-01
3.672868e-01
3.655126e-01
3.558089e-01
3.546826e-01
3.455430e-01
3.612482e-01
3.737646e-01
3.722906e-01
3.889733e-01
3.484250e-01
3.618011e-01
3.635929e-01
3.745667e-01
3.646917e-01
3.728267e-01
3.806571e-01
3.612478e-01
3.429279e-01
3.689172e-01
3.659233e-01
3.726925e-01
3.785494e-01
3.820994e-01
3.753664e-01
3.522786e-01
3.624916e-01
3.645549e-01
3.721557e-01
3.672876e-01
3.651029e-01
3.627672e-01
3.494284e-01
3.489988e-01
3.837970e-01
3.536948e-01
3.661968e-01
3.586085e-01
3.567917e-01
3.501426e-01
3.875566e-01
3.777565e-01
3.716182e-01
3.466986e-01
3.641428e-01
3.792093e-01
3.713488e-01
3.765632e-01
3.720212e-01
3.858748e-01
3.695946e-01
3.649664e-01
3.773597e-01
3.505707e-01
3.645546e-01
3.749662e-01
3.608329e-01
3.806566e-01
3.637305e-01
3.442380e-01
3.563706e-01
3.670153e-01
3.624918e-01
3.678316e-01
3.758989e-01
3.695943e-01
3.419062e-01
3.722906e-01
3.581898e-01
3.809196e-01
3.781539e-01
3.693238e-01
3.774920e-01
3.548239e-01
3.615245e-01
3.528456e-01
3.691882e-01
3.670145e-01
3.802630e-01
3.843170e-01
3.679673e-01
3.709449e-01
3.641427e-01
3.701350e-01
3.695949e-01
3.551056e-01
3.721555e-01
3.813134e-01
3.689172e-01
3.602772e-01
3.536950e-01
3.724253e-01
3.579106e-01
3.440931e-01
3.834060e-01
3.776242e-01
3.796048e-01
3.638685e-01
3.518522e-01
3.839275e-01
3.471312e-01
3.818375e-01
3.678319e-01
3.785499e-01
3.724245e-01
3.706758e-01
3.736314e-01
3.257303e-01
3.781532e-01
3.777566e-01
3.569312e-01
3.634553e-01
3.421987e-01
3.573512e-01
3.629043e-01
3.299998e-01
3.764308e-01
3.701355e-01
3.623531e-01
3.494282e-01
3.742996e-01
3.702707e-01
3.445287e-01
3.801317e-01
3.588872e-01
3.828837e-01
3.693238e-01
3.828831e-01
3.645543e-01
3.689167e-01
3.741657e-01
3.741658e-01
3.420526e-01
3.705403e-01
3.536947e-01
3.776244e-01
3.693234e-01
3.668786e-01
3.738988e-01
3.788138e-01
3.432208e-01
3.438027e-01
3.769611e-01
3.705395e-01
3.666057e-01
3.717526e-01
3.797363e-01
3.366005e-01
3.798679e-01
3.792098e-01
3.762979e-01
3.706752e-01
3.471311e-01
3.588867e-01
3.765633e-01
3.674234e-01
3.672875e-01
3.706747e-01
3.785502e-01
3.672874e-01
3.732287e-01
3.563708e-01
3.894872e-01
3.826224e-01
3.733633e-01
3.502850e-01
3.619396e-01
3.663339e-01
3.586085e-01
3.661970e-01
3.637308e-01
3.802628e-01
3.724245e-01
3.407344e-01
3.634550e-01
3.580501e-01
3.757663e-01
3.626296e-01
3.770940e-01
3.507139e-01
3.765630e-01
3.644170e-01
3.626301e-01
3.726933e-01
3.672870e-01
3.605550e-01
3.590263e-01
3.539784e-01
3.802632e-01
3.593046e-01
3.737643e-01
3.694592e-01
3.849678e-01
3.484249e-01
3.648288e-01
3.722908e-01
3.541181e-01
3.489988e-01
3.725586e-01
3.562304e-01
3.702700e-01
3.546829e-01
3.678318e-01
3.764307e-01
3.732298e-01
3.785506e-01
3.583297e-01
3.865229e-01
3.806575e-01
3.602772e-01
3.619391e-01
3.559497e-01
3.535530e-01
3.436572e-01
3.438025e-01
3.728270e-01
3.748331e-01
3.602780e-01
3.672875e-01
3.612484e-01
3.524196e-01
3.741651e-01
3.453988e-01
3.672870e-01
3.517100e-01
3.491417e-01
3.674228e-01
3.910245e-01
3.798681e-01
3.781531e-01
3.511409e-01
3.737642e-01
3.774913e-01
3.758991e-01
3.634557e-01
3.710794e-01
3.494282e-01
3.529873e-01
3.591656e-01
3.700006e-01
3.649657e-01
3.606941e-01
3.539776e-01
3.535528e-01
3.756329e-01
3.701345e-01
3.570708e-01
3.635933e-01
3.536943e-01
3.645546e-01
3.590272e-01
3.685108e-01
3.685101e-01
3.624918e-01
3.701350e-01
3.828836e-01
3.558085e-01
3.556685e-01
3.679667e-01
3.716179e-01
3.420530e-01
3.674233e-01
3.849675e-01
3.652398e-01
3.548234e-01
3.742994e-01
3.583294e-01
3.785503e-01
3.649657e-01
3.595834e-01
3.548239e-01
3.606936e-01
3.674228e-01
3.810515e-01
3.681031e-01
3.623534e-01
3.601385e-01
3.770938e-01
3.726929e-01
3.552468e-01
3.539770e-01
3.626297e-01
3.659235e-01
3.672875e-01
3.623526e-01
3.681029e-01
3.757657e-01
3.612487e-01
3.402937e-01
3.529874e-01
3.674235e-01
3.728268e-01
3.569318e-01
3.764302e-01
3.661961e-01
3.705405e-01
3.726923e-01
3.637305e-01
3.549645e-01
3.468432e-01
3.745657e-01
3.762978e-01
3.705403e-01
3.583290e-01
3.615249e-01
3.581898e-01
3.830151e-01
3.618002e-01
3.558092e-01
3.717526e-01
3.501425e-01
3.583296e-01
3.754991e-01
3.661967e-01
3.672880e-01
3.567915e-01
3.726937e-01
3.569316e-01
3.681033e-01
3.602777e-01
3.790781e-01
3.649653e-01
3.505709e-01
3.573510e-01
3.679672e-01
3.717526e-01
3.734968e-01
3.705399e-01
3.633180e-01
3.705400e-01
3.539780e-01
3.762974e-01
3.595835e-01
3.574916e-01
3.732287e-01
3.449636e-01
3.762971e-01
3.586087e-01
3.640061e-01
3.613861e-01
3.604168e-01
3.769616e-01
3.591655e-01
3.656502e-01
3.748338e-01
3.682393e-01
3.458328e-01
3.713488e-01
3.706749e-01
3.645538e-01
3.612480e-01
3.414668e-01
3.742994e-01
3.488558e-01
3.679670e-01
3.811821e-01
3.819683e-01
3.303019e-01
3.556674e-01
3.629058e-01
3.657874e-01
3.683753e-01
3.701354e-01
3.501423e-01
3.484255e-01
3.672875e-01
3.764304e-01
3.514252e-01
3.488550e-01
3.469870e-01
3.689168e-01
3.802632e-01
3.541191e-01
3.446736e-01
3.528457e-01
3.567907e-01
3.781533e-01
3.492847e-01
3.518526e-01
3.558093e-01
3.562298e-01
3.552466e-01
3.689180e-01
3.528455e-01
3.535535e-01
3.429278e-01
3.671510e-01
3.777562e-01
3.749668e-01
3.672880e-01
3.732298e-01
3.656498e-01
3.741651e-01
3.790771e-01
3.472751e-01
3.551063e-01
3.488553e-01
3.728267e-01
3.655136e-01
3.709444e-01
3.599999e-01
3.648287e-01
3.701353e-01
3.668787e-01
3.818378e-01
3.552468e-01
3.700003e-01
3.652397e-01
3.569313e-01
3.558088e-01
3.584685e-01
3.556686e-01
3.624916e-01
3.611081e-01
3.563701e-01
3.728271e-01
3.560899e-01
3.524197e-01
3.619394e-01
3.840569e-01
3.742996e-01
3.626294e-01
3.649663e-01
3.569309e-01
3.590261e-01
3.698651e-01
3.754997e-01
3.661969e-01
3.818375e-01
3.479944e-01
3.641437e-01
3.685109e-01
3.722901e-01
3.690527e-01
3.694592e-01
3.558085e-01
3.385263e-01
3.678317e-01
3.477065e-01
3.676956e-01
3.445289e-01
3.522787e-01
3.330162e-01
3.903847e-01
3.734974e-01
3.786814e-01
3.645542e-01
3.615249e-01
3.580505e-01
3.524201e-01
3.551056e-01
3.741655e-01
3.623543e-01
3.689173e-01
3.355600e-01
3.566506e-01
3.717526e-01
3.706748e-01
3.600001e-01
3.721564e-01
3.624919e-01
3.475638e-01
3.446745e-01
3.597214e-01
3.663329e-01
3.717531e-01
3.544002e-01
3.583295e-01
3.716182e-01
3.257305e-01
3.423448e-01
3.535538e-01
3.683743e-01
3.624913e-01
3.588872e-01
3.624918e-01
3.648286e-01
3.646914e-01
3.419065e-01
3.661964e-01
3.563711e-01
3.581899e-01
3.689176e-01
3.640053e-01
3.728274e-01
3.507137e-01
3.663325e-01
3.806575e-01
3.507139e-01
3.695945e-01
3.414676e-01
3.586083e-01
3.634562e-01
3.413211e-01
3.475630e-01
3.611100e-01
3.659233e-01
3.512837e-01
3.765640e-01
3.672872e-01
3.595830e-01
3.556681e-01
3.419063e-01
3.777561e-01
3.385262e-01
3.512833e-01
3.657862e-01
3.606939e-01
3.695945e-01
3.741663e-01
3.563707e-01
3.634550e-01
3.637304e-01
3.397062e-01
3.595836e-01
3.769622e-01
3.586088e-01
3.641430e-01
3.465545e-01
3.562305e-01
3.701355e-01
3.521369e-01
3.641430e-01
3.419068e-01
3.597222e-01
3.611093e-01
3.556681e-01
3.324155e-01
3.717524e-01
3.573513e-01
3.499998e-01
3.436569e-01
3.556684e-01
3.515680e-01
3.769616e-01
3.579106e-01
3.661964e-01
3.757659e-01
3.691882e-01
3.649660e-01
3.436563e-01
3.505711e-01
3.635936e-01
3.623526e-01
3.595825e-01
3.529872e-01
3.453983e-01
3.699995e-01
3.489982e-01
3.630427e-01
3.635931e-01
3.494282e-01
3.599997e-01
3.627681e-01
3.586083e-01
3.562306e-01
3.641430e-01
3.494279e-01
3.518522e-01
3.736306e-01
3.524204e-01
3.501423e-01
3.655139e-01
3.709444e-01
3.366009e-01
3.672875e-01
3.645547e-01
3.426370e-01
3.509983e-01
3.472752e-01
3.511409e-01
3.586085e-01
3.649653e-01
3.713485e-01
3.271087e-01
3.424911e-01
3.745667e-01
3.627673e-01
3.726930e-01
3.574909e-01
3.640056e-01
3.627665e-01
3.657866e-01
3.612480e-01
3.678322e-01
3.738988e-01
3.479945e-01
3.602774e-01
3.574912e-01
3.512830e-01
3.339162e-01
3.563706e-01
3.655125e-01
3.581899e-01
3.651029e-01
3.623534e-01
3.459767e-01
3.586077e-01
3.627672e-01
3.487116e-01
3.494275e-01
3.407345e-01
3.271084e-01
3.488554e-01
3.738980e-01
3.581898e-01
3.405870e-01
3.563711e-01
3.706747e-01
3.615246e-01
3.635925e-01
3.549650e-01
3.674236e-01
3.534111e-01
3.640051e-01
3.701353e-01
3.705407e-01
3.535534e-01
3.574910e-01
3.538358e-01
3.581902e-01
3.618017e-01
3.641428e-01
3.507134e-01
3.640054e-01
3.579102e-01
3.556682e-01
3.593051e-01
3.742996e-01
3.668789e-01
3.377869e-01
3.500003e-01
3.606939e-01
3.549643e-01
3.560894e-01
3.618008e-01
3.424912e-01
3.722912e-01
3.580502e-01
3.464104e-01
3.674233e-01
3.518516e-01
3.562303e-01
3.498574e-01
3.670154e-01
3.606937e-01
3.672881e-01
3.453988e-01
3.717532e-01
3.590262e-01
3.588878e-01
3.656498e-01
3.613866e-01
3.634551e-01
3.721558e-01
3.579101e-01
3.580503e-01
3.634551e-01
3.586087e-01
3.558085e-01
3.635929e-01
3.634557e-01
3.581899e-01
3.471310e-01
3.477065e-01
3.500001e-01
3.685106e-01
3.591651e-01
3.597214e-01
3.738976e-01
3.544011e-01
3.672874e-01
3.518520e-01
3.552464e-01
3.545422e-01
3.784176e-01
3.556686e-01
3.453985e-01
3.689175e-01
3.648287e-01
3.721564e-01
3.748336e-01
3.436569e-01
3.796045e-01
3.736311e-01
3.595826e-01
3.762980e-01
3.749668e-01
3.371944e-01
3.501429e-01
3.528465e-01
3.602774e-01
3.477064e-01
3.777559e-01
3.502850e-01
3.269555e-01
3.721560e-01
3.529869e-01
3.606938e-01
3.758988e-01
3.281773e-01
3.478511e-01
3.494276e-01
3.652398e-01
3.635931e-01
3.408812e-01
3.414673e-01
3.722901e-01
3.590266e-01
3.574911e-01
3.458312e-01
3.769616e-01
3.646913e-01
3.419063e-01
3.606936e-01
3.556686e-01
3.853571e-01
3.569317e-01
3.593048e-01
3.529879e-01
3.498573e-01
3.399996e-01
3.414676e-01
3.522787e-01
3.445286e-01
3.619387e-01
3.436563e-01
3.637306e-01
3.691883e-01
3.700001e-01
3.524197e-01
3.570719e-01
3.726933e-01
3.679672e-01
3.606934e-01
3.606939e-01
3.522782e-01
3.489984e-01
3.652397e-01
3.397064e-01
3.605543e-01
3.716184e-01
3.689176e-01
3.828834e-01
3.726931e-01
3.373424e-01
3.757659e-01
3.515680e-01
3.737649e-01
3.674236e-01
3.679684e-01
3.477069e-01
3.655131e-01
3.743002e-01
3.770939e-01
3.681036e-01
3.501424e-01
3.536948e-01
3.679680e-01
3.635931e-01
3.541181e-01
3.619390e-01
3.507135e-01
3.552456e-01
3.377877e-01
3.701350e-01
3.635927e-01
3.569315e-01
3.500001e-01
3.769624e-01
3.602774e-01
3.471309e-01
3.559495e-01
3.668788e-01
3.758987e-01
3.290900e-01
3.701353e-01
3.581899e-01
3.522785e-01
3.429286e-01
3.405878e-01
3.456879e-01
3.745658e-01
3.471311e-01
3.524202e-01
3.672874e-01
3.641430e-01
3.549650e-01
3.591658e-01
3.602774e-01
3.593051e-01
3.472753e-01
3.524206e-01
3.685100e-01
3.551058e-01
3.361547e-01
3.602771e-01
3.573513e-01
3.602771e-01
3.701355e-01
3.536955e-01
3.608327e-01
3.681029e-01
3.579108e-01
3.534118e-01
3.737647e-01
3.514255e-01
3.498574e-01
3.586076e-01
3.492851e-01
3.453985e-01
3.488551e-01
3.672877e-01
3.509988e-01
3.656496e-01
3.518522e-01
3.713489e-01
3.505707e-01
3.652392e-01
3.479943e-01
3.655131e-01
3.674223e-01
3.501425e-01
3.716186e-01
3.732298e-01
3.769614e-01
3.645547e-01
3.645546e-01
3.674240e-01
3.706759e-01
3.629048e-01
3.443839e-01
3.627672e-01
3.769607e-01
3.595835e-01
3.776238e-01
3.494287e-01
3.637305e-01
3.627665e-01
3.424912e-01
3.611095e-01
3.701336e-01
3.640051e-01
3.546830e-01
3.558089e-01
3.504284e-01
3.633174e-01
3.627672e-01
3.813132e-01
3.385262e-01
3.693234e-01
3.645542e-01
3.424909e-01
3.702701e-01
3.722906e-01
3.449641e-01
3.652398e-01
3.690523e-01
3.371941e-01
3.475631e-01
3.419068e-01
3.436570e-01
3.655127e-01
3.566497e-01
3.645549e-01
3.689179e-01
3.612482e-01
3.687814e-01
3.367491e-01
3.509991e-01
3.641424e-01
3.573510e-01
3.710797e-01
3.591653e-01
3.397051e-01
3.445289e-01
3.640048e-01
3.560899e-01
3.773593e-01
3.453979e-01
3.593048e-01
3.528457e-01
3.769618e-01
3.655136e-01
3.534118e-01
3.518522e-01
3.611100e-01
3.623528e-01
3.605552e-01
3.597224e-01
3.593045e-01
3.674236e-01
3.379348e-01
3.569313e-01
3.690531e-01
3.552468e-01
3.536943e-01
3.663326e-01
3.465546e-01
3.430749e-01
3.717518e-01
3.618005e-01
3.760318e-01
3.377869e-01
3.501426e-01
3.635938e-01
3.648286e-01
3.502852e-01
3.656496e-01
3.766961e-01
3.655133e-01
3.618008e-01
3.624915e-01
3.615257e-01
3.586085e-01
3.769615e-01
3.702694e-01
3.619389e-01
3.552468e-01
3.721560e-01
3.597222e-01
3.349622e-01
3.512840e-01
3.769605e-01
3.754995e-01
3.373421e-01
3.645546e-01
3.651032e-01
3.522787e-01
3.397057e-01
3.349629e-01
3.354096e-01
3.765632e-01
3.663341e-01
3.570718e-01
3.546829e-01
3.348139e-01
3.556684e-01
3.488549e-01
3.651029e-01
3.421985e-01
3.634561e-01
3.552465e-01
3.635929e-01
3.694593e-01
3.805265e-01
3.466986e-01
3.781529e-01
3.754997e-01
3.383787e-01
3.586083e-01
3.606943e-01
3.663330e-01
3.590266e-01
3.671520e-01
3.544021e-01
3.562310e-01
3.623540e-01
3.716187e-01
3.482820e-01
3.459766e-01
3.556687e-01
3.672872e-01
3.499999e-01
3.529871e-01
3.420526e-01
3.681035e-01
3.498574e-01
3.401477e-01
3.544009e-01
3.753668e-01
3.710801e-01
3.536942e-01
3.641430e-01
3.495704e-01
3.624913e-01
3.721558e-01
3.792098e-01
3.518524e-01
3.464106e-01
3.556684e-01
3.606939e-01
3.661953e-01
3.477066e-01
3.608327e-01
3.374914e-01
3.581902e-01
3.363037e-01
3.562302e-01
3.586071e-01
3.556687e-01
3.659235e-01
3.502850e-01
3.549651e-01
3.679667e-01
3.656501e-01
3.769615e-01
3.438025e-01
3.484251e-01
3.319637e-01
3.456871e-01
3.489985e-01
3.699994e-01
3.656496e-01
3.713486e-01
3.624922e-01
3.712150e-01
3.488550e-01
3.374908e-01
3.717521e-01
3.624912e-01
3.612477e-01
3.689170e-01
3.432200e-01
3.471311e-01
3.552464e-01
3.590269e-01
3.461213e-01
3.479947e-01
3.528450e-01
3.562301e-01
3.745666e-01
3.623535e-01
3.606937e-01
3.613864e-01
3.776241e-01
3.613859e-01
3.674238e-01
3.579106e-01
3.569317e-01
3.411746e-01
3.695949e-01
3.448188e-01
3.717528e-01
3.754996e-01
3.500003e-01
3.407347e-01
3.623535e-01
3.738979e-01
3.494282e-01
3.573507e-01
3.599997e-01
3.623535e-01
3.453985e-01
3.689172e-01
3.645549e-01
3.382313e-01
3.713491e-01
3.461214e-01
3.479940e-01
3.626297e-01
3.645537e-01
3.405872e-01
3.645549e-01
3.515680e-01
3.633178e-01
3.517103e-01
3.414675e-01
3.484252e-01
3.438020e-01
3.645543e-01
3.774917e-01
3.717512e-01
3.606935e-01
3.580502e-01
3.733637e-01
3.646915e-01
3.606941e-01
3.484251e-01
3.399996e-01
3.535529e-01
3.238831e-01
3.562297e-01
3.586080e-01
3.640060e-01
3.558094e-01
3.797367e-01
3.556681e-01
3.583293e-01
3.645543e-01
3.507136e-01
3.701358e-01
3.760321e-01
3.515678e-01
3.701346e-01
3.595832e-01
3.549651e-01
3.604164e-01
3.407341e-01
3.515680e-01
3.590262e-01
3.641421e-01
3.828836e-01
3.748334e-01
3.606930e-01
3.551061e-01
3.685103e-01
3.651027e-01
3.580499e-01
3.689172e-01
3.765633e-01
3.449631e-01
3.573511e-01
3.709444e-01
3.712139e-01
3.713488e-01
3.413211e-01
3.599997e-01
3.672881e-01
3.488551e-01
3.776245e-01
3.569315e-01
3.343652e-01
3.570709e-01
3.316622e-01
3.319643e-01
3.634554e-01
3.453985e-01
3.702697e-01
3.737643e-01
3.594452e-01
3.438025e-01
3.461216e-01
3.367494e-01
3.615238e-01
3.562307e-01
3.449638e-01
3.591655e-01
3.420526e-01
3.358562e-01
3.528450e-01
3.448188e-01
3.524206e-01
3.489983e-01
3.672870e-01
3.484253e-01
3.524216e-01
3.627664e-01
3.538367e-01
3.754991e-01
3.641430e-01
3.518516e-01
3.360069e-01
3.407349e-01
3.652402e-01
3.606937e-01
3.760319e-01
3.637313e-01
3.442385e-01
3.512840e-01
3.398529e-01
3.608324e-01
3.720213e-01
3.674230e-01
3.562303e-01
3.706748e-01
3.488551e-01
3.562302e-01
3.606938e-01
3.652395e-01
3.594441e-01
3.566509e-01
3.536952e-01
3.683748e-01
3.690526e-01
3.681031e-01
3.602781e-01
3.536960e-01
3.539765e-01
3.489984e-01
3.466987e-01
3.391170e-01
3.552459e-01
3.645547e-01
3.466992e-01
3.744331e-01
3.611094e-01
3.484258e-01
3.732290e-01
3.494278e-01
3.535531e-01
3.552467e-01
3.498573e-01
3.579104e-01
3.528450e-01
3.433658e-01
3.551056e-01
3.619394e-01
3.634554e-01
3.472754e-01
3.611093e-01
3.710797e-01
3.512830e-01
3.579108e-01
3.774924e-01
3.780216e-01
3.722901e-01
3.421995e-01
3.479943e-01
3.765630e-01
3.595823e-01
3.774917e-01
3.518527e-01
3.433654e-01
3.674240e-01
3.484251e-01
3.573519e-01
3.612482e-01
3.529870e-01
3.689172e-01
3.522787e-01
3.701355e-01
3.822299e-01
3.515680e-01
3.776245e-01
3.528452e-01
3.515678e-01
3.612477e-01
3.760317e-01
3.606939e-01
3.348137e-01
3.562301e-01
3.385266e-01
3.619394e-01
3.383783e-01
3.733630e-01
3.753664e-01
3.733638e-01
3.690523e-01
3.590270e-01
3.635936e-01
3.426365e-01
3.659233e-01
3.586096e-01
3.605548e-01
3.691885e-01
3.717530e-01
3.552465e-01
3.459769e-01
3.477066e-01
3.452535e-01
3.397053e-01
3.456880e-01
3.618011e-01
3.397054e-01
3.738982e-01
3.581895e-01
3.570717e-01
3.581899e-01
3.479948e-01
3.590257e-01
3.676958e-01
3.661967e-01
3.689177e-01
3.726930e-01
3.624909e-01
3.501432e-01
3.374907e-01
3.438028e-01
3.505704e-01
3.640051e-01
3.635929e-01
3.732285e-01
3.355595e-01
3.685108e-01
3.539776e-01
3.501427e-01
3.433661e-01
3.501428e-01
3.641422e-01
3.733629e-01
3.652388e-01
3.539774e-01
3.546836e-01
3.420521e-01
3.556682e-01
3.536952e-01
3.445289e-01
3.602782e-01
3.488551e-01
3.489983e-01
3.766966e-01
3.590260e-01
3.725589e-01
3.511413e-01
3.749662e-01
3.754999e-01
3.690531e-01
3.758987e-01
3.545417e-01
3.801321e-01
3.512837e-01
3.624923e-01
3.612481e-01
3.701354e-01
3.651021e-01
3.619396e-01
3.670155e-01
3.757659e-01
3.505711e-01
3.511414e-01
3.445280e-01
3.586083e-01
3.549642e-01
3.635928e-01
3.494280e-01
3.361543e-01
3.606937e-01
3.448188e-01
3.722899e-01
3.776238e-01
3.785499e-01
3.652397e-01
3.541184e-01
3.646910e-01
3.651021e-01
3.682380e-01
3.604165e-01
3.668790e-01
3.488551e-01
3.722897e-01
3.732293e-01
3.586075e-01
3.717525e-01
3.407346e-01
3.573526e-01
3.511409e-01
3.544010e-01
3.641429e-01
3.640057e-01
3.498569e-01
3.682392e-01
3.518528e-01
3.615240e-01
3.549650e-01
3.494286e-01
3.446734e-01
3.619398e-01
3.446735e-01
3.469877e-01
3.586083e-01
3.562304e-01
3.354112e-01
3.809197e-01
3.566511e-01
3.670145e-01
3.678318e-01
3.528457e-01
3.570713e-01
3.764310e-01
3.522783e-01
3.472748e-01
3.627677e-01
3.507135e-01
3.796059e-01
3.612478e-01
3.627671e-01
3.501426e-01
3.676956e-01
3.549650e-01
3.432200e-01
3.606939e-01
3.552457e-01
3.584684e-01
3.518522e-01
3.466985e-01
3.724240e-01
3.472752e-01
3.627678e-01
3.511411e-01
3.581899e-01
3.573513e-01
3.785500e-01
3.749666e-01
3.611097e-01
3.802629e-01
3.536947e-01
3.556682e-01
3.549647e-01
3.536945e-01
3.590268e-01
3.734974e-01
3.640052e-01
3.559497e-01
3.507133e-01
3.638681e-01
3.659233e-01
3.741659e-01
3.726937e-01
3.421992e-01
3.535535e-01
3.655136e-01
3.562306e-01
3.494286e-01
3.630427e-01
3.602778e-01
3.758992e-01
3.504286e-01
3.436567e-01
3.681039e-01
3.545426e-01
3.681035e-01
3.634552e-01
3.515680e-01
3.721565e-01
3.590260e-01
3.509989e-01
3.624910e-01
3.624911e-01
3.512829e-01
3.781537e-01
3.695949e-01
3.672886e-01
3.693238e-01
3.702700e-01
3.593048e-01
3.693236e-01
3.511407e-01
3.652400e-01
3.713490e-01
3.562307e-01
3.796045e-01
3.602786e-01
3.472751e-01
3.709450e-01
3.737652e-01
3.606936e-01
3.608325e-01
3.562302e-01
3.512832e-01
3.671519e-01
3.689170e-01
3.619396e-01
3.453978e-01
3.618013e-01
3.689181e-01
3.668784e-01
3.717533e-01
3.690531e-01
3.848373e-01
3.753661e-01
3.641427e-01
3.436565e-01
3.728270e-01
3.556683e-01
3.644170e-01
3.640059e-01
3.524199e-01
3.672871e-01
3.702700e-01
3.458322e-01
3.436565e-01
3.689167e-01
3.563708e-01
3.566502e-01
3.605552e-01
3.518516e-01
3.573516e-01
3.683750e-01
3.524208e-01
3.674236e-01
3.738983e-01
3.657862e-01
3.736304e-01
3.535538e-01
3.663334e-01
3.569311e-01
3.371944e-01
3.618008e-01
3.604165e-01
3.500003e-01
3.501423e-01
3.745668e-01
3.579108e-01
3.433658e-01
3.676957e-01
3.414670e-01
3.619390e-01
3.612470e-01
3.414680e-01
3.623537e-01
3.645538e-01
3.640051e-01
3.443837e-01
3.524197e-01
3.611095e-01
3.689175e-01
3.728272e-01
3.604159e-01
3.407341e-01
3.742985e-01
3.429287e-01
3.534123e-01
3.541190e-01
3.579102e-01
3.640057e-01
3.819684e-01
3.737644e-01
3.515680e-01
3.562302e-01
3.524196e-01
3.663334e-01
3.612482e-01
3.661964e-01
3.449640e-01
3.488560e-01
3.436574e-01
3.569311e-01
3.672870e-01
3.413204e-01
3.659232e-01
3.800004e-01
3.766961e-01
3.472753e-01
3.505711e-01
3.641426e-01
3.541184e-01
3.612482e-01
3.535538e-01
3.612482e-01
3.586089e-01
3.546825e-01
3.634556e-01
3.477074e-01
3.475632e-01
3.651021e-01
3.505713e-01
3.590265e-01
3.514259e-01
3.656502e-01
3.624910e-01
3.619397e-01
3.716182e-01
3.630419e-01
3.518522e-01
3.586084e-01
3.619397e-01
3.611087e-01
3.613864e-01
3.694589e-01
3.832751e-01
3.438028e-01
3.324149e-01
3.522785e-01
3.567911e-01
3.689169e-01
3.484253e-01
3.442383e-01
3.602781e-01
3.558084e-01
3.489988e-01
3.612480e-01
3.410285e-01
3.690526e-01
3.615247e-01
3.668783e-01
3.693238e-01
3.635933e-01
3.556684e-01
3.667420e-01
3.494282e-01
3.670146e-01
3.689176e-01
3.710797e-01
3.797362e-01
3.652394e-01
3.619396e-01
3.518515e-01
3.459761e-01
3.679677e-01
3.823611e-01
3.689176e-01
3.374906e-01
3.733630e-01
3.672876e-01
3.517109e-01
3.595830e-01
3.448192e-01
3.618011e-01
3.695949e-01
3.595839e-01
3.456876e-01
3.535536e-01
3.671508e-01
3.456886e-01
3.699996e-01
3.726925e-01
3.627678e-01
3.413208e-01
3.745663e-01
3.666057e-01
3.611094e-01
3.601387e-01
3.874269e-01
3.602778e-01
3.581895e-01
3.678319e-01
3.758990e-01
3.518526e-01
3.410279e-01
3.364521e-01
3.706752e-01
3.569313e-01
3.512833e-01
3.562307e-01
3.777564e-01
3.522781e-01
3.624913e-01
3.712150e-01
3.641430e-01
3.465546e-01
3.721554e-01
3.518524e-01
3.674240e-01
3.529871e-01
3.383784e-01
3.505713e-01
3.602772e-01
3.710793e-01
3.379351e-01
3.443834e-01
3.667423e-01
3.361545e-01
3.569318e-01
3.774915e-01
3.645549e-01
3.605550e-01
3.488554e-01
3.701350e-01
3.659242e-01
3.693233e-01
3.574912e-01
3.518523e-01
3.601392e-01
3.559494e-01
3.495703e-01
3.586087e-01
3.586085e-01
3.659233e-01
3.613861e-01
3.734968e-01
3.813135e-01
3.769610e-01
3.646917e-01
3.652393e-01
3.545423e-01
3.579102e-01
3.802629e-01
3.734969e-01
3.562295e-01
3.633177e-01
3.655131e-01
3.593044e-01
3.635929e-01
3.828835e-01
3.586088e-01
3.536943e-01
3.521368e-01
3.624917e-01
3.569312e-01
3.584686e-01
3.633179e-01
3.397053e-01
3.652392e-01
3.645546e-01
3.701353e-01
3.630427e-01
3.649651e-01
3.745663e-01
3.682390e-01
3.618011e-01
3.597218e-01
3.413213e-01
3.455431e-01
3.694594e-01
3.674228e-01
3.724245e-01
3.661968e-01
3.797373e-01
3.438019e-01
3.656500e-01
3.646923e-01
3.754996e-01
3.505713e-01
3.590260e-01
3.737646e-01
3.645543e-01
3.569317e-01
3.640051e-01
3.563706e-01
3.716188e-01
3.536947e-01
3.663334e-01
3.600003e-01
3.604167e-01
3.518522e-01
3.570718e-01
3.579106e-01
3.644171e-01
3.748342e-01
3.630425e-01
3.570718e-01
3.605553e-01
3.606932e-01
3.652392e-01
3.558087e-01
3.594444e-01
3.442384e-01
3.424910e-01
3.722904e-01
3.532701e-01
3.535534e-01
3.698651e-01
3.515671e-01
3.640051e-01
3.781534e-01
3.672872e-01
3.413210e-01
3.633180e-01
3.769619e-01
3.714842e-01
3.563697e-01
3.532709e-01
3.685100e-01
3.472749e-01
3.612477e-01
3.668790e-01
3.606941e-01
3.732295e-01
3.524200e-01
3.590260e-01
3.560899e-01
3.627672e-01
3.689176e-01
3.413209e-01
3.764304e-01
3.828841e-01
3.420523e-01
3.674237e-01
3.608325e-01
3.528451e-01
3.611090e-01
3.813133e-01
3.721567e-01
3.586085e-01
3.749663e-01
3.501427e-01
3.657872e-01
3.524203e-01
3.652399e-01
3.559501e-01
3.512832e-01
3.528459e-01
3.518516e-01
3.548246e-01
3.667426e-01
3.602776e-01
3.612475e-01
3.456879e-01
3.619394e-01
3.819688e-01
3.749664e-01
3.504276e-01
3.518516e-01
3.469873e-01
3.522782e-01
3.300007e-01
3.635935e-01
3.649663e-01
3.769620e-01
3.722902e-01
3.433650e-01
3.584692e-01
3.482820e-01
3.717526e-01
3.484246e-01
3.558084e-01
3.518526e-01
3.645541e-01
3.762979e-01
3.671508e-01
3.407348e-01
3.663337e-01
3.455437e-01
3.528457e-01
3.766958e-01
3.678319e-01
3.689174e-01
3.748329e-01
3.738978e-01
3.604161e-01
3.602782e-01
3.591655e-01
3.567915e-01
3.491414e-01
3.659232e-01
3.443835e-01
3.567908e-01
3.419070e-01
3.586083e-01
3.570710e-01
3.721564e-01
3.780212e-01
3.813134e-01
3.343646e-01
3.710794e-01
3.505715e-01
3.695947e-01
3.560897e-01
3.613855e-01
3.466986e-01
3.424910e-01
3.646914e-01
3.682383e-01
3.736308e-01
3.593049e-01
3.640056e-01
3.472748e-01
3.817071e-01
3.683753e-01
3.713489e-01
3.545417e-01
3.645542e-01
3.646913e-01
3.657870e-01
3.478505e-01
3.556679e-01
3.579108e-01
3.612475e-01
3.471313e-01
3.498576e-01
3.635936e-01
3.765632e-01
3.535530e-01
3.548234e-01
3.717528e-01
3.661968e-01
3.706744e-01
3.498571e-01
3.475622e-01
3.710788e-01
3.569313e-01
3.693231e-01
3.810515e-01
3.611095e-01
3.645547e-01
3.630424e-01
3.584686e-01
3.641422e-01
3.619385e-01
3.590267e-01
3.593049e-01
3.648292e-01
3.549650e-01
3.445280e-01
3.710801e-01
3.674240e-01
3.634556e-01
3.514260e-01
3.586087e-01
3.627668e-01
3.806567e-01
3.548241e-01
3.518524e-01
3.455422e-01
3.524203e-01
3.689172e-01
3.745663e-01
3.619390e-01
3.524199e-01
3.712139e-01
3.590263e-01
3.638684e-01
3.780212e-01
3.573505e-01
3.645547e-01
3.655134e-01
3.591655e-01
3.652390e-01
3.579109e-01
3.515680e-01
3.785502e-01
3.685109e-01
3.637318e-01
3.551051e-01
3.805262e-01
3.477073e-01
3.492846e-01
3.668790e-01
3.627665e-01
3.556687e-01
3.611091e-01
3.559494e-01
3.722904e-01
3.611090e-01
3.638683e-01
3.591657e-01
3.713489e-01
3.630420e-01
3.443833e-01
3.693238e-01
3.713489e-01
3.383787e-01
3.466988e-01
3.689165e-01
3.672872e-01
3.606942e-01
3.511409e-01
3.595830e-01
3.752335e-01
3.849670e-01
3.678309e-01
3.419068e-01
3.584687e-01
3.522777e-01
3.710794e-01
3.411748e-01
3.672865e-01
3.613859e-01
3.453985e-01
3.705403e-01
3.402937e-01
3.499998e-01
3.733627e-01
3.721562e-01
3.556682e-01
3.693236e-01
3.524203e-01
3.558087e-01
3.732290e-01
3.744324e-01
3.663325e-01
3.379348e-01
3.626297e-01
3.745660e-01
3.574915e-01
3.569314e-01
3.681035e-01
3.717528e-01
3.797370e-01
3.742989e-01
3.785501e-01
3.742986e-01
3.656498e-01
3.721556e-01
3.455428e-01
3.661962e-01
3.569313e-01
3.661969e-01
3.633176e-01
3.566511e-01
3.721564e-01
3.602774e-01
3.641430e-01
3.586079e-01
3.674236e-01
3.573514e-01
3.652398e-01
3.635935e-01
3.710800e-01
3.604169e-01
3.629052e-01
3.570709e-01
3.548238e-01
3.336164e-01
3.693234e-01
3.552460e-01
3.626292e-01
3.605557e-01
3.374905e-01
3.494287e-01
3.668794e-01
3.398530e-01
3.405876e-01
3.629047e-01
3.640051e-01
3.623534e-01
3.646913e-01
3.556686e-01
3.488551e-01
3.518524e-01
3.716187e-01
3.606937e-01
3.545418e-01
3.758989e-01
3.588864e-01
3.819683e-01
3.689181e-01
3.505708e-01
3.501434e-01
3.443833e-01
3.634558e-01
3.419068e-01
3.595836e-01
3.713490e-01
3.546829e-01
3.361549e-01
3.602777e-01
3.597214e-01
3.484252e-01
3.559490e-01
3.278709e-01
3.685108e-01
3.681028e-01
3.512828e-01
3.764310e-01
3.456877e-01
3.551063e-01
3.449637e-01
3.541185e-01
3.655133e-01
3.635927e-01
3.477064e-01
3.776239e-01
3.562301e-01
3.580502e-01
3.514255e-01
3.706750e-01
3.649663e-01
3.442385e-01
3.641430e-01
3.597222e-01
3.682386e-01
3.618007e-01
3.641428e-01
3.651024e-01
3.659232e-01
3.241910e-01
3.738983e-01
3.395589e-01
3.514260e-01
3.551061e-01
3.672874e-01
3.551051e-01
3.518516e-01
3.528456e-01
3.560905e-01
3.624910e-01
3.367497e-01
3.330167e-01
3.738983e-01
3.659235e-01
3.420535e-01
3.606936e-01
3.411741e-01
3.478502e-01
3.827530e-01
3.541189e-01
3.424906e-01
3.601395e-01
3.640051e-01
3.648287e-01
3.683743e-01
3.383786e-01
3.573518e-01
3.612477e-01
3.593051e-01
3.717528e-01
3.374907e-01
3.581899e-01
3.432199e-01
3.672867e-01
3.717530e-01
3.562296e-01
3.541186e-01
3.524196e-01
3.672875e-01
3.534115e-01
3.536950e-01
3.713486e-01
3.591655e-01
3.640056e-01
3.580503e-01
3.619390e-01
3.574913e-01
3.738988e-01
3.574908e-01
3.549642e-01
3.667423e-01
3.765635e-01
3.501423e-01
3.318131e-01
3.717531e-01
3.584686e-01
3.479940e-01
3.854869e-01
3.722901e-01
3.619387e-01
3.570710e-01
3.640059e-01
3.652394e-01
3.511411e-01
3.798689e-01
3.594439e-01
3.383781e-01
3.717520e-01
3.693234e-01
3.525614e-01
3.611091e-01
3.567910e-01
3.612482e-01
3.426372e-01
3.649657e-01
3.494288e-01
3.657874e-01
3.449633e-01
3.567910e-01
3.552463e-01
3.484253e-01
3.558093e-01
3.721555e-01
3.613864e-01
3.339163e-01
3.590265e-01
3.652399e-01
3.606938e-01
3.690534e-01
3.579109e-01
3.674235e-01
3.549643e-01
3.477071e-01
3.765632e-01
3.556684e-01
3.679673e-01
3.456876e-01
3.559495e-01
3.685104e-01
3.728264e-01
3.528457e-01
3.586076e-01
3.581899e-01
3.541182e-01
3.552457e-01
3.649657e-01
3.507136e-01
3.627676e-01
3.442385e-01
3.734973e-01
3.489983e-01
3.702698e-01
3.613863e-01
3.602774e-01
3.549649e-01
3.630424e-01
3.698651e-01
3.635936e-01
3.525618e-01
3.545422e-01
3.360059e-01
3.648292e-01
3.471310e-01
3.716178e-01
3.599997e-01
3.525623e-01
3.548243e-01
3.602780e-01
3.734969e-01
3.781531e-01
3.500001e-01
3.652393e-01
3.801320e-01
3.612481e-01
3.622150e-01
3.529875e-01
3.618008e-01
3.613868e-01
3.586084e-01
3.544008e-01
3.529871e-01
3.655133e-01
3.599999e-01
3.563704e-01
3.560898e-01
3.605552e-01
3.640059e-01
3.640056e-01
3.641426e-01
3.524201e-01
3.742989e-01
3.681033e-01
3.580502e-01
3.682394e-01
3.597222e-01
3.529870e-01
3.522782e-01
3.507130e-01
3.678314e-01
3.238830e-01
3.505713e-01
3.488551e-01
3.383780e-01
3.663333e-01
3.590263e-01
3.760315e-01
3.623537e-01
3.408812e-01
3.604165e-01
3.605557e-01
3.586085e-01
3.478504e-01
3.733629e-01
3.602772e-01
3.640055e-01
3.613861e-01
3.652400e-01
3.629044e-01
3.597231e-01
3.608324e-01
3.674235e-01
3.559494e-01
3.449640e-01
3.832754e-01
3.524201e-01
3.448186e-01
3.528455e-01
3.507133e-01
3.645541e-01
3.682394e-01
3.685107e-01
3.484249e-01
3.446742e-01
3.721561e-01
3.806568e-01
3.641433e-01
3.689176e-01
3.649654e-01
3.690529e-01
3.563711e-01
3.738983e-01
3.429290e-01
3.424901e-01
3.633180e-01
3.514260e-01
3.612482e-01
3.505708e-01
3.674236e-01
3.445285e-01
3.528457e-01
3.597222e-01
3.424910e-01
3.501429e-01
3.562305e-01
3.661962e-01
3.672872e-01
3.683744e-01
3.672875e-01
3.522777e-01
3.590259e-01
3.563705e-01
3.546830e-01
3.511409e-01
3.407345e-01
3.623531e-01
3.624918e-01
3.524201e-01
3.567921e-01
3.559497e-01
3.624916e-01
3.672870e-01
3.560894e-01
3.676952e-01
3.635933e-01
3.721562e-01
3.330164e-01
3.494280e-01
3.443837e-01
3.471308e-01
3.681031e-01
3.472754e-01
3.574911e-01
3.590265e-01
3.604158e-01
3.414670e-01
3.656496e-01
3.634551e-01
3.702697e-01
3.489980e-01
3.637304e-01
3.604158e-01
3.716182e-01
3.668793e-01
3.501427e-01
3.548243e-01
3.566513e-01
3.558088e-01
3.655129e-01
3.678313e-01
3.623532e-01
3.556684e-01
3.674235e-01
3.593048e-01
3.678319e-01
3.544009e-01
3.559497e-01
3.676946e-01
3.670145e-01
3.717526e-01
3.489986e-01
3.536950e-01
3.586072e-01
3.586081e-01
3.604159e-01
3.511409e-01
3.563705e-01
3.472756e-01
3.624913e-01
3.524201e-01
3.689177e-01
3.635933e-01
3.627677e-01
3.544011e-01
3.634552e-01
3.479947e-01
3.551055e-01
3.613861e-01
3.468429e-01
3.674235e-01
3.728265e-01
3.668784e-01
3.640061e-01
3.562301e-01
3.706753e-01
3.563708e-01
3.713484e-01
3.521369e-01
3.699998e-01
3.414676e-01
3.534115e-01
3.659235e-01
3.637304e-01
3.573514e-01
3.797366e-01
3.528465e-01
3.586082e-01
3.645555e-01
3.545420e-01
3.606935e-01
3.619390e-01
3.595835e-01
3.689172e-01
3.562294e-01
3.618003e-01
3.733630e-01
3.802626e-01
3.448188e-01
3.645551e-01
3.524204e-01
3.652398e-01
3.448188e-01
3.611099e-01
3.436567e-01
3.676949e-01
3.504281e-01
3.545417e-01
3.699997e-01
3.690531e-01
3.634551e-01
3.545419e-01
3.663332e-01
3.641430e-01
3.544017e-01
3.652398e-01
3.548239e-01
3.472753e-01
3.681028e-01
3.652398e-01
3.689170e-01
3.512840e-01
3.556684e-01
3.484253e-01
3.645548e-01
3.713490e-01
3.689170e-01
3.465554e-01
3.611095e-01
3.491421e-01
3.507135e-01
3.590268e-01
3.681031e-01
3.646920e-01
3.722901e-01
3.624910e-01
3.573516e-01
3.649657e-01
3.488558e-01
3.586091e-01
3.619394e-01
3.671514e-01
3.826227e-01
3.556679e-01
3.590269e-01
3.569310e-01
3.606943e-01
3.504281e-01
3.602772e-01
3.590265e-01
3.698643e-01
3.580506e-01
3.567907e-01
3.482820e-01
3.501432e-01
3.613868e-01
3.663329e-01
3.606939e-01
3.443835e-01
3.569318e-01
3.505711e-01
3.361547e-01
3.433663e-01
3.484251e-01
3.606935e-01
3.612477e-01
3.567914e-01
3.558089e-01
3.440932e-01
3.594442e-01
3.630420e-01
3.545422e-01
3.651028e-01
3.556682e-01
3.637304e-01
3.442383e-01
3.488545e-01
3.408812e-01
3.433661e-01
3.606935e-01
3.374903e-01
3.581893e-01
3.612484e-01
3.667428e-01
3.832751e-01
3.634558e-01
3.834059e-01
3.638674e-01
3.436569e-01
3.524205e-01
3.640060e-01
3.468432e-01
3.728274e-01
3.458328e-01
3.634554e-01
3.515680e-01
3.737649e-01
3.655130e-01
3.453980e-01
3.541184e-01
3.348137e-01
3.618015e-01
3.478505e-01
3.472758e-01
3.500006e-01
3.548239e-01
3.507136e-01
3.597218e-01
3.477065e-01
3.562309e-01
3.646921e-01
3.331666e-01
3.670150e-01
3.676950e-01
3.601381e-01
3.796057e-01
3.536951e-01
3.528457e-01
3.717521e-01
3.518525e-01
3.754997e-01
3.515676e-01
3.728272e-01
3.465540e-01
3.606935e-01
3.661970e-01
3.693247e-01
3.754996e-01
3.488552e-01
3.613858e-01
3.776250e-01
3.728269e-01
3.548241e-01
3.760318e-01
3.619393e-01
3.606930e-01
3.712140e-01
3.710794e-01
3.535528e-01
3.398525e-01
3.514260e-01
3.637308e-01
3.600000e-01
3.556682e-01
3.505707e-01
3.556675e-01
3.518521e-01
3.827530e-01
3.367494e-01
3.569313e-01
3.535528e-01
3.615246e-01
3.466993e-01
3.330167e-01
3.604169e-01
3.464102e-01
3.760318e-01
3.407344e-01
3.524199e-01
3.606935e-01
3.552459e-01
3.569312e-01
3.627672e-01
3.546838e-01
3.635931e-01
3.701345e-01
3.652397e-01
3.512833e-01
3.656501e-01
3.611095e-01
3.606938e-01
3.674234e-01
3.606937e-01
3.713489e-01
3.560905e-01
3.595826e-01
3.597222e-01
3.521354e-01
3.471319e-01
3.681031e-01
3.802633e-01
3.586085e-01
3.468434e-01
3.295457e-01
3.484250e-01
3.624921e-01
3.769616e-01
3.545420e-01
3.651029e-01
3.818374e-01
3.611095e-01
3.581902e-01
3.534122e-01
3.659233e-01
3.539776e-01
3.672870e-01
3.456877e-01
3.590263e-01
3.562310e-01
3.558096e-01
3.785502e-01
3.385262e-01
3.690526e-01
3.446734e-01
3.757659e-01
3.672879e-01
3.472751e-01
3.640049e-01
3.656504e-01
3.534117e-01
3.386739e-01
3.556682e-01
3.695949e-01
3.651035e-01
3.716178e-01
3.532701e-01
3.790777e-01
3.559501e-01
3.717517e-01
3.713492e-01
3.659234e-01
3.674237e-01
3.401471e-01
3.545411e-01
3.760320e-01
3.551056e-01
3.629051e-01
3.640058e-01
3.672866e-01
3.712146e-01
3.436577e-01
3.611094e-01
3.672867e-01
3.722899e-01
3.760320e-01
3.567913e-01
3.619394e-01
3.828831e-01
3.349631e-01
3.500001e-01
3.421987e-01
3.738983e-01
3.942081e-01
3.690526e-01
3.586089e-01
3.511409e-01
3.776248e-01
3.706746e-01
3.512832e-01
3.694592e-01
3.574907e-01
3.640059e-01
3.560905e-01
3.766962e-01
3.679671e-01
3.693236e-01
3.518521e-01
3.765632e-01
3.679672e-01
3.541184e-01
3.597218e-01
3.518519e-01
3.676956e-01
3.672865e-01
3.489989e-01
3.624913e-01
3.570718e-01
3.586083e-01
3.672872e-01
3.626300e-01
3.449636e-01
3.420530e-01
3.535532e-01
3.733631e-01
3.674229e-01
3.661969e-01
3.619387e-01
3.600006e-01
3.593046e-01
3.623538e-01
3.776241e-01
3.700002e-01
3.348137e-01
3.593048e-01
3.569311e-01
3.602775e-01
3.769621e-01
3.505707e-01
3.595831e-01
3.414675e-01
3.558087e-01
3.726924e-01
3.488546e-01
3.612480e-01
3.563706e-01
3.705403e-01
3.732294e-01
3.656499e-01
3.558088e-01
3.641428e-01
3.672881e-01
3.744329e-01
3.745660e-01
3.737649e-01
3.689181e-01
3.635931e-01
3.732297e-01
3.307565e-01
3.455430e-01
3.657878e-01
3.580504e-01
3.769613e-01
3.637313e-01
3.453983e-01
3.581902e-01
3.638685e-01
3.768292e-01
3.685106e-01
3.672879e-01
3.648288e-01
3.721561e-01
3.758996e-01
3.661968e-01
3.574918e-01
3.754996e-01
3.586085e-01
3.716182e-01
3.698649e-01
3.597220e-01
3.786823e-01
3.635929e-01
3.648288e-01
3.742991e-01
3.635931e-01
3.552468e-01
3.385262e-01
3.611094e-01
3.524206e-01
3.570709e-01
3.689181e-01
3.611099e-01
3.562294e-01
3.710801e-01
3.655134e-01
3.786816e-01
3.699997e-01
3.464098e-01
3.573517e-01
3.785498e-01
3.645550e-01
3.819679e-01
3.693240e-01
3.612480e-01
3.656498e-01
3.721563e-01
3.580502e-01
3.477072e-01
3.494278e-01
3.670152e-01
3.710794e-01
3.424910e-01
3.505709e-01
3.695937e-01
3.237284e-01
3.801312e-01
3.716183e-01
3.618005e-01
3.811826e-01
3.570710e-01
3.570714e-01
3.453979e-01
3.512838e-01
3.668790e-01
3.689173e-01
3.651021e-01
3.652400e-01
3.624916e-01
3.668788e-01
3.512831e-01
3.573517e-01
3.611094e-01
3.640054e-01
3.689170e-01
3.514258e-01
3.469870e-01
3.563707e-01
3.657862e-01
3.532701e-01
3.484250e-01
3.331666e-01
3.712150e-01
3.839270e-01
3.552471e-01
3.774918e-01
3.606932e-01
3.544011e-01
3.646917e-01
3.544012e-01
3.580501e-01
3.661965e-01
3.713488e-01
3.551059e-01
3.733634e-01
3.505710e-01
3.465546e-01
3.672880e-01
3.477072e-01
3.446734e-01
3.612484e-01
3.613861e-01
3.701348e-01
3.637308e-01
3.619398e-01
3.721565e-01
3.792102e-01
3.536952e-01
3.546829e-01
3.732298e-01
3.445286e-01
3.624911e-01
3.645547e-01
3.569317e-01
3.728261e-01
3.579110e-01
3.581898e-01
3.518520e-01
3.558093e-01
3.712137e-01
3.534118e-01
3.556682e-01
3.352606e-01
3.683747e-01
3.544009e-01
3.354100e-01
3.584684e-01
3.569313e-01
3.472752e-01
3.728267e-01
3.366006e-01
3.732291e-01
3.574918e-01
3.569321e-01
3.674237e-01
3.648287e-01
3.548239e-01
3.597222e-01
3.742992e-01
3.765635e-01
3.569313e-01
3.521366e-01
3.478505e-01
3.764310e-01
3.544017e-01
3.436564e-01
3.611095e-01
3.544004e-01
3.573512e-01
3.641430e-01
3.597219e-01
3.455433e-01
3.518526e-01
3.566508e-01
3.732290e-01
3.590263e-01
3.681036e-01
3.517098e-01
3.543996e-01
3.774922e-01
3.590262e-01
3.556684e-01
3.548232e-01
3.606936e-01
3.567906e-01
3.518513e-01
3.545423e-01
3.615250e-01
3.367491e-01
3.535538e-01
3.796043e-01
3.722901e-01
3.591655e-01
3.541184e-01
3.566518e-01
3.478504e-01
3.570708e-01
3.619392e-01
3.640048e-01
3.777566e-01
3.781536e-01
3.721558e-01
3.515674e-01
3.733632e-01
3.606941e-01
3.514258e-01
3.615243e-01
3.741657e-01
3.683755e-01
3.584690e-01
3.545426e-01
3.501429e-01
3.590261e-01
3.536946e-01
3.602776e-01
3.574913e-01
3.637305e-01
3.733630e-01
3.538359e-01
3.331660e-01
3.512828e-01
3.724245e-01
3.615246e-01
3.488550e-01
3.766960e-01
3.455427e-01
3.570709e-01
3.748337e-01
3.681027e-01
3.693238e-01
3.477065e-01
3.701349e-01
3.634554e-01
3.674233e-01
3.509983e-01
3.517103e-01
3.710796e-01
3.524201e-01
3.535537e-01
3.656501e-01
3.646912e-01
3.641430e-01
3.646913e-01
3.701346e-01
3.535536e-01
3.737644e-01
3.701346e-01
3.595833e-01
3.651028e-01
3.484252e-01
3.705399e-01
3.552462e-01
3.580507e-01
3.524204e-01
3.691883e-01
3.701355e-01
3.590260e-01
3.552462e-01
3.612481e-01
3.749669e-01
3.672872e-01
3.325651e-01
3.581902e-01
3.528456e-01
3.556682e-01
3.661965e-01
3.716178e-01
3.651024e-01
3.524206e-01
3.569313e-01
3.648286e-01
3.726936e-01
3.737642e-01
3.726930e-01
3.574909e-01
3.637304e-01
3.668788e-01
3.694585e-01
3.612484e-01
3.651032e-01
3.379350e-01
3.753661e-01
3.584688e-01
3.535531e-01
3.507137e-01
3.604165e-01
3.755004e-01
3.666061e-01
3.456872e-01
3.619392e-01
3.605552e-01
3.672872e-01
3.674232e-01
3.606930e-01
3.663329e-01
3.754995e-01
3.635930e-01
3.471311e-01
3.562301e-01
3.649657e-01
3.433650e-01
3.635929e-01
3.507129e-01
3.468432e-01
3.764302e-01
3.678327e-01
3.661967e-01
3.584688e-01
3.606937e-01
3.818375e-01
3.641430e-01
3.552466e-01
3.560895e-01
3.366005e-01
3.649664e-01
3.436572e-01
3.637307e-01
3.754996e-01
3.612475e-01
3.426372e-01
3.742992e-01
3.657874e-01
3.748329e-01
3.491414e-01
3.633178e-01
3.651021e-01
3.644179e-01
3.661974e-01
3.605548e-01
3.563708e-01
3.539775e-01
3.651029e-01
3.606935e-01
3.611098e-01
3.611091e-01
3.514259e-01
3.436569e-01
3.681031e-01
3.624911e-01
3.640059e-01
3.606938e-01
3.477063e-01
3.505711e-01
3.659245e-01
3.472756e-01
3.581898e-01
3.556682e-01
3.623534e-01
3.552464e-01
3.522785e-01
3.574910e-01
3.640060e-01
3.651029e-01
3.544006e-01
3.586085e-01
3.477071e-01
3.577705e-01
3.458328e-01
3.590265e-01
3.438020e-01
3.627668e-01
3.613861e-01
3.685108e-01
3.583294e-01
3.645543e-01
3.586085e-01
3.500001e-01
3.590266e-01
3.689174e-01
3.738979e-01
3.709446e-01
3.567918e-01
3.641431e-01
3.652403e-01
3.807881e-01
3.717529e-01
3.494276e-01
3.535527e-01
3.471314e-01
3.646916e-01
3.573512e-01
3.615247e-01
3.551056e-01
3.637304e-01
3.501428e-01
3.689170e-01
3.786822e-01
3.712141e-01
3.627665e-01
3.491416e-01
3.635931e-01
3.663334e-01
3.430739e-01
3.605552e-01
3.693237e-01
3.522789e-01
3.635931e-01
3.606938e-01
3.548237e-01
3.606933e-01
3.556684e-01
3.472753e-01
3.597218e-01
3.545423e-01
3.649651e-01
3.534125e-01
3.376382e-01
3.581895e-01
3.777566e-01
3.455437e-01
3.581899e-01
3.672879e-01
3.484250e-01
3.608324e-01
3.624913e-01
3.552464e-01
3.753670e-01
3.713491e-01
3.742993e-01
3.597220e-01
3.640058e-01
3.652398e-01
3.741653e-01
3.640057e-01
3.693231e-01
3.685101e-01
3.591657e-01
3.591658e-01
3.612473e-01
3.518519e-01
3.663334e-01
3.645547e-01
3.522786e-01
3.652393e-01
3.710794e-01
3.494283e-01
3.606938e-01
3.701349e-01
3.456876e-01
3.522787e-01
3.595830e-01
3.720220e-01
3.693238e-01
3.511406e-01
3.475632e-01
3.604159e-01
3.573519e-01
3.498571e-01
3.264964e-01
3.709444e-01
3.511409e-01
3.414675e-01
3.489985e-01
3.635930e-01
3.600005e-01
3.633180e-01
3.586086e-01
3.373428e-01
3.717527e-01
3.721557e-01
3.717531e-01
3.733630e-01
3.626291e-01
3.477065e-01
3.525623e-01
3.325658e-01
3.694584e-01
3.721560e-01
3.590256e-01
3.419070e-01
3.674235e-01
3.234192e-01
3.489987e-01
3.724243e-01
3.567910e-01
3.479945e-01
3.488552e-01
3.552455e-01
3.602771e-01
3.644174e-01
3.722899e-01
3.693236e-01
3.637308e-01
3.586087e-01
3.641421e-01
3.742992e-01
3.584690e-01
3.612475e-01
3.618006e-01
3.538364e-01
3.505719e-01
3.670155e-01
3.828835e-01
3.618014e-01
3.594444e-01
3.663330e-01
3.661968e-01
3.514257e-01
3.466989e-01
3.591656e-01
3.489994e-01
3.606939e-01
3.781536e-01
3.512833e-01
3.512833e-01
3.611086e-01
3.558089e-01
3.681032e-01
3.634560e-01
3.656496e-01
3.569311e-01
3.436569e-01
3.813137e-01
3.689179e-01
3.436570e-01
3.524204e-01
3.641426e-01
3.574913e-01
3.303028e-01
3.745663e-01
3.769619e-01
3.670146e-01
3.606943e-01
3.602774e-01
3.701347e-01
3.646919e-01
3.652397e-01
3.552464e-01
3.595833e-01
3.541184e-01
3.702706e-01
3.645547e-01
3.619394e-01
3.672879e-01
3.579104e-01
3.528457e-01
3.413211e-01
3.426370e-01
3.602772e-01
3.611097e-01
3.501426e-01
3.407350e-01
3.627670e-01
3.402940e-01
3.608322e-01
3.358570e-01
3.652401e-01
3.465547e-01
3.626294e-01
3.776246e-01
3.512833e-01
3.606930e-01
3.534123e-01
3.407346e-01
3.627674e-01
3.484253e-01
3.637309e-01
3.721558e-01
3.433663e-01
3.606935e-01
3.608318e-01
3.426370e-01
3.484252e-01
3.591661e-01
3.798684e-01
3.618011e-01
3.672874e-01
3.690530e-01
3.648288e-01
3.499995e-01
3.597220e-01
3.528453e-01
3.536945e-01
3.713492e-01
3.799996e-01
3.698650e-01
3.551055e-01
3.781537e-01
3.618007e-01
3.528453e-01
3.471309e-01
3.524204e-01
3.552467e-01
3.754992e-01
3.581906e-01
3.618013e-01
3.498574e-01
3.494280e-01
3.464098e-01
3.524203e-01
3.458322e-01
3.797366e-01
3.785502e-01
3.488555e-01
3.584685e-01
3.484246e-01
3.606939e-01
3.611091e-01
3.472756e-01
3.605550e-01
3.695945e-01
3.663334e-01
3.562301e-01
3.633176e-01
3.449633e-01
3.449642e-01
3.646917e-01
3.676956e-01
3.624913e-01
3.541181e-01
3.586081e-01
3.558089e-01
3.529882e-01
3.501422e-01
3.661966e-01
3.478504e-01
3.484252e-01
3.679675e-01
3.524196e-01
3.766960e-01
3.828847e-01
3.619390e-01
3.606935e-01
3.371945e-01
3.659230e-01
3.753669e-01
3.586085e-01
3.737646e-01
3.691881e-01
3.507130e-01
3.713488e-01
3.515676e-01
3.604158e-01
3.828836e-01
3.640055e-01
3.397056e-01
3.342154e-01
3.713486e-01
3.809201e-01
3.618008e-01
3.524201e-01
3.438025e-01
3.624907e-01
3.619396e-01
3.705405e-01
3.676956e-01
3.590267e-01
3.777566e-01
3.551061e-01
3.790775e-01
3.579109e-01
3.518521e-01
3.436567e-01
3.498568e-01
3.689170e-01
3.355599e-01
3.600012e-01
3.494280e-01
3.591655e-01
3.613864e-01
3.672869e-01
3.742989e-01
3.672872e-01
3.714845e-01
3.456871e-01
3.477065e-01
3.469870e-01
3.756328e-01
3.604168e-01
3.574914e-01
3.524205e-01
3.551053e-01
3.668785e-01
3.591655e-01
3.706750e-01
3.754995e-01
3.556682e-01
3.407349e-01
3.721561e-01
3.541191e-01
3.584688e-01
3.640054e-01
3.601387e-01
3.742996e-01
3.581902e-01
3.749665e-01
3.449635e-01
3.705408e-01
3.726937e-01
3.728270e-01
3.652396e-01
3.672874e-01
3.594444e-01
3.810512e-01
3.286337e-01
3.656496e-01
3.749664e-01
3.591661e-01
3.651027e-01
3.562301e-01
3.722906e-01
3.661967e-01
3.734969e-01
3.649657e-01
3.712144e-01
3.737649e-01
3.581900e-01
3.449631e-01
3.524210e-01
3.640061e-01
3.635928e-01
3.602773e-01
3.436569e-01
3.612480e-01
3.567911e-01
3.648281e-01
3.776237e-01
3.479942e-01
3.395588e-01
3.674233e-01
3.398526e-01
3.668793e-01
3.693236e-01
3.720214e-01
3.695942e-01
3.721559e-01
3.599997e-01
3.619394e-01
3.655140e-01
3.567914e-01
3.728264e-01
3.558087e-01
3.651029e-01
3.644170e-01
3.640049e-01
3.786814e-01
3.802626e-01
3.622150e-01
3.701350e-01
3.595837e-01
3.525617e-01
3.376384e-01
3.738988e-01
3.433655e-01
3.528460e-01
3.726929e-01
3.745664e-01
3.597223e-01
3.702697e-01
3.606937e-01
3.683746e-01
3.663329e-01
3.717525e-01
3.760317e-01
3.645538e-01
3.674229e-01
3.512837e-01
3.602780e-01
3.436569e-01
3.552464e-01
3.583302e-01
3.634560e-01
3.466986e-01
3.374901e-01
3.657871e-01
3.799998e-01
3.472752e-01
3.661960e-01
3.472755e-01
3.534118e-01
3.569312e-01
3.717531e-01
3.556683e-01
3.518522e-01
3.629045e-01
3.562301e-01
3.694589e-01
3.798681e-01
3.749664e-01
3.604165e-01
3.343653e-01
3.721557e-01
3.539776e-01
3.426364e-01
3.569312e-01
3.685103e-01
3.618009e-01
3.635931e-01
3.536952e-01
3.701349e-01
3.590266e-01
3.813137e-01
3.691881e-01
3.524201e-01
3.682385e-01
3.573512e-01
3.583293e-01
3.635929e-01
3.551054e-01
3.563710e-01
3.500000e-01
3.455431e-01
3.693242e-01
3.552468e-01
3.699993e-01
3.769615e-01
3.478505e-01
3.705400e-01
3.645545e-01
3.618009e-01
3.749667e-01
3.710801e-01
3.548239e-01
3.681035e-01
3.544009e-01
3.534121e-01
3.691886e-01
3.524201e-01
3.551058e-01
3.728274e-01
3.693236e-01
3.546827e-01
3.657866e-01
3.672872e-01
3.507131e-01
3.606943e-01
3.777559e-01
3.785494e-01
3.591655e-01
3.524204e-01
3.604166e-01
3.700004e-01
3.682393e-01
3.277199e-01
3.468429e-01
3.500003e-01
3.436570e-01
3.661962e-01
3.541177e-01
3.455431e-01
3.612475e-01
3.586083e-01
3.663334e-01
3.498567e-01
3.466992e-01
3.548237e-01
3.641429e-01
3.556687e-01
3.726928e-01
3.790778e-01
3.569313e-01
3.606935e-01
3.748336e-01
3.606938e-01
3.612480e-01
3.397056e-01
3.645544e-01
3.605552e-01
3.570714e-01
3.377869e-01
3.586085e-01
3.822297e-01
3.536943e-01
3.466989e-01
3.724238e-01
3.744329e-01
3.748334e-01
3.818374e-01
3.661972e-01
3.641430e-01
3.709447e-01
3.539772e-01
3.601388e-01
3.601384e-01
3.581899e-01
3.732295e-01
3.361552e-01
3.574916e-01
3.668794e-01
3.458323e-01
3.651029e-01
3.573513e-01
3.637311e-01
3.459764e-01
3.717526e-01
3.590263e-01
3.548240e-01
3.597218e-01
3.472753e-01
3.738982e-01
3.419057e-01
3.640054e-01
3.429287e-01
3.645547e-01
3.522787e-01
3.624909e-01
3.608329e-01
3.580503e-01
3.536952e-01
3.689176e-01
3.612477e-01
3.334657e-01
3.785500e-01
3.455434e-01
3.579108e-01
3.606939e-01
3.492853e-01
3.602772e-01
3.536948e-01
3.777563e-01
3.584687e-01
3.640048e-01
3.535531e-01
3.652398e-01
3.562306e-01
3.641428e-01
3.545423e-01
3.591663e-01
3.414676e-01
3.579110e-01
3.602777e-01
3.699999e-01
3.672876e-01
3.790777e-01
3.606932e-01
3.622150e-01
3.570715e-01
3.689170e-01
3.676961e-01
3.581899e-01
3.612477e-01
3.656504e-01
3.401472e-01
3.649658e-01
3.563701e-01
3.732294e-01
3.514253e-01
3.573519e-01
3.539772e-01
3.552464e-01
3.484249e-01
3.602777e-01
3.640055e-01
3.687818e-01
3.646920e-01
3.522787e-01
3.629049e-01
3.488553e-01
3.657868e-01
3.401467e-01
3.522781e-01
3.777565e-01
3.651028e-01
3.682389e-01
3.402945e-01
3.430747e-01
3.612480e-01
3.574913e-01
3.498578e-01
3.661968e-01
3.627665e-01
3.377869e-01
3.809196e-01
3.641428e-01
3.471316e-01
3.681037e-01
3.640056e-01
3.736311e-01
3.712139e-01
3.574911e-01
3.748337e-01
3.548234e-01
3.672874e-01
3.535530e-01
3.813134e-01
3.659239e-01
3.419062e-01
3.548236e-01
3.263432e-01
3.672869e-01
3.586089e-01
3.742992e-01
3.548234e-01
3.661973e-01
3.744335e-01
3.805259e-01
3.534125e-01
3.458327e-01
3.479943e-01
3.363030e-01
3.590264e-01
3.548240e-01
3.737642e-01
3.524201e-01
3.659235e-01
3.645549e-01
3.569310e-01
3.774920e-01
3.494282e-01
3.645543e-01
3.551051e-01
3.397059e-01
3.705405e-01
3.432209e-01
3.713489e-01
3.611097e-01
3.619387e-01
3.754995e-01
3.745664e-01
3.765633e-01
3.515671e-01
3.562302e-01
3.522787e-01
3.389689e-01
3.552466e-01
3.717519e-01
3.722904e-01
3.512841e-01
3.569310e-01
3.518525e-01
3.712145e-01
3.659235e-01
3.717531e-01
3.679673e-01
3.754995e-01
3.674227e-01
3.652398e-01
3.501430e-01
3.717531e-01
3.635931e-01
3.569317e-01
3.640056e-01
3.501426e-01
3.681031e-01
3.479947e-01
3.541186e-01
3.619387e-01
3.780215e-01
3.622159e-01
3.717531e-01
3.548244e-01
3.423447e-01
3.535534e-01
3.627677e-01
3.832753e-01
3.785502e-01
3.713491e-01
3.419063e-01
3.556677e-01
3.573514e-01
3.423454e-01
3.709444e-01
3.429289e-01
3.796048e-01
3.528465e-01
3.726931e-01
3.287862e-01
3.330165e-01
3.560899e-01
3.597227e-01
3.535534e-01
3.753664e-01
3.698646e-01
3.709449e-01
3.661960e-01
3.615243e-01
3.612475e-01
3.556679e-01
3.518523e-01
3.720218e-01
3.710794e-01
3.848378e-01
3.534122e-01
3.605558e-01
3.562301e-01
3.648288e-01
3.559491e-01
3.573518e-01
3.536952e-01
3.581899e-01
3.645546e-01
3.544011e-01
3.670152e-01
3.612474e-01
3.606938e-01
3.698656e-01
3.612478e-01
3.638670e-01
3.611101e-01
3.655128e-01
3.472756e-01
3.657870e-01
3.535538e-01
3.471316e-01
3.539779e-01
3.573516e-01
3.634560e-01
3.559495e-01
3.679677e-01
3.548243e-01
3.822297e-01
3.773589e-01
3.674237e-01
3.681034e-01
3.594443e-01
3.472753e-01
3.640056e-01
3.635931e-01
3.640056e-01
3.700002e-01
3.590259e-01
3.397061e-01
3.477071e-01
3.501428e-01
3.678313e-01
3.769615e-01
3.442387e-01
3.595825e-01
3.515674e-01
3.713492e-01
3.471309e-01
3.414676e-01
3.705399e-01
3.634558e-01
3.562309e-01
3.426361e-01
3.649655e-01
3.548235e-01
3.500006e-01
3.661965e-01
3.602774e-01
3.525625e-01
3.606939e-01
3.661964e-01
3.764304e-01
3.518526e-01
3.648282e-01
3.591656e-01
3.817062e-01
3.566513e-01
3.698651e-01
3.459770e-01
3.745668e-01
3.619393e-01
3.586087e-01
3.484251e-01
3.619386e-01
3.453988e-01
3.579104e-01
3.567910e-01
3.433662e-01
3.458324e-01
3.478509e-01
3.479946e-01
3.590260e-01
3.499998e-01
3.624910e-01
3.456872e-01
3.505710e-01
3.706750e-01
3.438025e-01
3.624918e-01
3.720210e-01
3.713486e-01
3.602777e-01
3.672869e-01
3.518523e-01
3.535534e-01
3.602777e-01
3.612475e-01
3.536952e-01
3.562307e-01
3.645543e-01
3.774914e-01
3.668787e-01
3.681035e-01
3.712142e-01
3.573511e-01
3.397059e-01
3.604165e-01
3.517103e-01
3.570716e-01
3.754995e-01
3.560896e-01
3.663332e-01
3.745668e-01
3.630429e-01
3.612475e-01
3.646916e-01
3.721554e-01
3.541186e-01
3.413213e-01
3.535532e-01
3.535539e-01
3.602777e-01
3.570713e-01
3.574913e-01
3.539776e-01
3.472744e-01
3.619394e-01
3.518524e-01
3.534125e-01
3.681031e-01
3.672876e-01
3.623535e-01
3.601392e-01
3.624911e-01
3.556688e-01
3.482817e-01
3.720215e-01
3.612482e-01
3.562298e-01
3.352607e-01
3.705401e-01
3.505712e-01
3.507136e-01
3.604163e-01
3.637306e-01
3.484242e-01
3.507134e-01
3.648288e-01
3.682390e-01
3.348139e-01
3.724245e-01
3.475631e-01
3.549652e-01
3.569317e-01
3.489982e-01
3.743002e-01
3.484249e-01
3.619389e-01
3.606939e-01
3.536942e-01
3.539772e-01
3.622150e-01
3.560897e-01
3.420526e-01
3.709444e-01
3.401472e-01
3.645547e-01
3.349624e-01
3.456877e-01
3.522777e-01
3.645543e-01
3.445293e-01
3.728275e-01
3.738979e-01
3.574918e-01
3.574907e-01
3.627671e-01
3.584690e-01
3.544011e-01
3.453985e-01
3.505701e-01
3.624915e-01
3.608323e-01
3.641430e-01
3.569312e-01
3.452536e-01
3.559497e-01
3.700001e-01
3.552457e-01
3.657870e-01
3.597217e-01
3.562304e-01
3.671508e-01
3.449640e-01
3.581898e-01
3.659239e-01
3.710795e-01
3.449635e-01
3.695946e-01
3.551049e-01
3.693238e-01
3.505710e-01
3.705403e-01
3.604157e-01
3.562302e-01
3.629051e-01
3.701347e-01
3.283291e-01
3.558096e-01
3.569312e-01
3.752329e-01
3.581895e-01
3.556685e-01
3.832752e-01
3.613858e-01
3.552459e-01
3.586089e-01
3.693236e-01
3.714839e-01
3.419064e-01
3.769613e-01
3.742993e-01
3.567911e-01
3.712136e-01
3.551057e-01
3.479941e-01
3.499993e-01
3.588871e-01
3.670143e-01
3.689173e-01
3.529865e-01
3.668790e-01
3.769618e-01
3.634543e-01
3.837971e-01
3.584691e-01
3.528455e-01
3.637309e-01
3.478511e-01
3.635936e-01
3.536942e-01
3.438026e-01
3.641430e-01
3.574915e-01
3.468430e-01
3.556687e-01
3.624911e-01
3.634558e-01
3.455430e-01
3.656503e-01
3.517098e-01
3.545419e-01
3.478504e-01
3.618011e-01
3.733630e-01
3.544011e-01
3.618011e-01
3.627673e-01
3.455426e-01
3.624918e-01
3.663337e-01
3.536942e-01
3.661966e-01
3.754991e-01
3.641423e-01
3.769614e-01
3.541189e-01
3.733626e-01
3.611095e-01
3.477063e-01
3.618007e-01
3.630427e-01
3.417602e-01
3.535535e-01
3.629048e-01
3.455426e-01
3.613866e-01
3.678305e-01
3.685106e-01
3.518521e-01
3.580499e-01
3.641433e-01
3.623531e-01
3.511408e-01
3.635929e-01
3.615242e-01
3.424908e-01
3.479943e-01
3.694585e-01
3.624915e-01
3.424911e-01
3.484247e-01
3.661962e-01
3.626297e-01
3.597220e-01
3.545417e-01
3.524201e-01
3.652395e-01
3.535537e-01
3.371949e-01
3.624924e-01
3.710797e-01
3.602771e-01
3.689172e-01
3.541184e-01
3.709449e-01
3.552464e-01
3.733630e-01
3.693238e-01
3.698649e-01
3.501433e-01
3.645550e-01
3.518521e-01
3.580501e-01
3.535538e-01
3.656498e-01
3.529875e-01
3.567915e-01
3.672871e-01
3.484249e-01
3.618017e-01
3.539776e-01
3.738983e-01
3.640056e-01
3.331668e-01
3.785494e-01
3.505707e-01
3.593051e-01
3.640054e-01
3.535534e-01
3.619396e-01
3.539774e-01
3.522785e-01
3.458326e-01
3.687814e-01
3.701355e-01
3.641426e-01
3.524204e-01
3.640053e-01
3.524203e-01
3.629045e-01
3.512833e-01
3.528465e-01
3.749665e-01
3.670148e-01
3.702697e-01
3.443829e-01
3.640056e-01
3.652393e-01
3.466995e-01
3.556690e-01
3.595827e-01
3.453977e-01
3.657865e-01
3.487116e-01
3.652394e-01
3.706746e-01
3.426372e-01
3.405882e-01
3.597218e-01
3.556687e-01
3.562301e-01
3.586087e-01
3.505704e-01
3.494282e-01
3.641426e-01
3.419063e-01
3.721564e-01
3.806571e-01
3.558084e-01
3.595831e-01
3.586087e-01
3.634553e-01
3.634562e-01
3.612482e-01
3.884585e-01
3.574908e-01
3.494282e-01
3.507139e-01
3.705396e-01
3.728274e-01
3.663325e-01
3.458326e-01
3.659239e-01
3.535533e-01
3.379348e-01
3.646918e-01
3.579098e-01
3.410279e-01
3.405879e-01
3.794730e-01
3.570714e-01
3.726925e-01
3.597217e-01
3.581899e-01
3.645544e-01
3.679674e-01
3.590266e-01
3.424910e-01
3.637311e-01
3.590268e-01
3.484260e-01
3.562302e-01
3.709452e-01
3.573517e-01
3.377868e-01
3.522780e-01
3.733630e-01
3.433655e-01
3.529874e-01
3.661968e-01
3.567904e-01
3.535531e-01
3.745662e-01
3.618014e-01
3.623529e-01
3.698649e-01
3.420530e-01
3.522789e-01
3.606939e-01
3.382306e-01
3.586080e-01
3.590268e-01
3.443834e-01
3.322648e-01
3.655129e-01
3.710797e-01
3.721556e-01
3.383793e-01
3.701352e-01
3.518515e-01
3.579109e-01
3.433657e-01
3.505701e-01
3.579106e-01
3.551058e-01
3.645543e-01
3.661965e-01
3.608325e-01
3.472756e-01
3.776240e-01
3.586088e-01
3.505706e-01
3.595831e-01
3.522780e-01
3.507134e-01
3.405879e-01
3.663326e-01
3.605552e-01
3.734967e-01
3.626292e-01
3.581903e-01
3.629050e-01
3.595831e-01
3.634552e-01
3.721554e-01
3.676954e-01
3.713490e-01
3.558086e-01
3.742989e-01
3.712144e-01
3.689170e-01
3.505713e-01
3.626293e-01
3.397064e-01
3.558087e-01
3.475632e-01
3.602777e-01
3.407342e-01
3.641419e-01
3.637304e-01
3.670145e-01
3.613859e-01
3.645549e-01
3.511404e-01
3.618006e-01
3.659235e-01
3.633180e-01
3.661968e-01
3.562306e-01
3.672870e-01
3.659229e-01
3.597223e-01
3.645540e-01
3.605550e-01
3.701349e-01
3.646910e-01
3.604166e-01
3.717522e-01
3.648292e-01
3.756324e-01
3.502860e-01
3.624910e-01
3.562294e-01
3.518524e-01
3.484247e-01
3.558084e-01
3.452536e-01
3.498568e-01
3.367491e-01
3.672869e-01
3.721558e-01
3.514255e-01
3.488550e-01
3.484246e-01
3.661967e-01
3.539772e-01
3.580499e-01
3.536948e-01
3.469877e-01
3.367487e-01
3.713485e-01
3.706759e-01
3.602780e-01
3.569320e-01
3.478504e-01
3.541186e-01
3.574915e-01
3.472752e-01
3.528459e-01
3.379343e-01
3.556679e-01
3.765630e-01
3.717533e-01
3.586085e-01
3.355594e-01
3.586085e-01
3.488552e-01
3.584695e-01
3.407342e-01
3.742996e-01
3.569312e-01
3.539767e-01
3.725589e-01
3.766958e-01
3.556677e-01
3.586085e-01
3.505714e-01
3.502860e-01
3.479943e-01
3.539776e-01
3.778889e-01
3.774915e-01
3.613859e-01
3.545423e-01
3.728274e-01
3.656498e-01
3.522781e-01
3.591651e-01
3.732287e-01
3.477066e-01
3.737646e-01
3.591661e-01
3.651029e-01
3.611102e-01
3.646914e-01
3.385258e-01
3.475632e-01
3.634551e-01
3.524201e-01
3.656496e-01
3.539776e-01
3.683742e-01
3.604158e-01
3.605550e-01
3.634554e-01
3.657865e-01
3.584687e-01
3.518524e-01
3.514260e-01
3.524196e-01
3.667426e-01
3.385263e-01
3.518522e-01
3.728272e-01
3.518519e-01
3.371944e-01
3.518516e-01
3.649657e-01
3.655140e-01
3.524206e-01
3.626297e-01
3.691883e-01
3.764302e-01
3.522781e-01
3.656504e-01
3.569313e-01
3.777566e-01
3.597218e-01
3.525618e-01
3.456876e-01
3.458315e-01
3.611095e-01
3.641430e-01
3.584687e-01
3.645546e-01
3.449639e-01
3.436567e-01
3.524201e-01
3.556677e-01
3.672873e-01
3.518517e-01
3.679670e-01
3.698651e-01
3.456873e-01
3.570718e-01
3.685109e-01
3.559490e-01
3.541194e-01
3.646916e-01
3.606946e-01
3.541188e-01
3.695949e-01
3.544003e-01
3.595831e-01
3.573513e-01
3.717528e-01
3.505707e-01
3.651036e-01
3.604161e-01
3.627677e-01
3.595830e-01
3.313610e-01
3.569311e-01
3.624918e-01
3.536947e-01
3.693242e-01
3.535528e-01
3.593049e-01
3.806574e-01
3.570711e-01
3.774917e-01
3.436570e-01
3.590262e-01
3.413211e-01
3.558084e-01
3.648287e-01
3.419061e-01
3.556674e-01
3.479941e-01
3.514257e-01
3.570718e-01
3.699998e-01
3.699999e-01
3.597221e-01
3.611095e-01
3.788140e-01
3.710792e-01
3.651021e-01
3.511412e-01
3.449638e-01
3.597219e-01
3.522787e-01
3.528455e-01
3.674232e-01
3.544004e-01
3.595828e-01
3.436564e-01
3.624913e-01
3.797371e-01
3.595830e-01
3.518524e-01
3.648282e-01
3.492846e-01
3.593045e-01
3.494284e-01
3.590272e-01
3.522785e-01
3.469867e-01
3.456874e-01
3.514259e-01
3.489983e-01
3.602772e-01
3.562303e-01
3.574907e-01
3.505715e-01
3.733629e-01
3.511413e-01
3.641430e-01
3.512837e-01
3.693236e-01
3.655140e-01
3.546829e-01
3.524199e-01
3.678309e-01
3.693238e-01
3.646916e-01
3.656499e-01
3.583294e-01
3.524204e-01
3.648287e-01
3.358574e-01
3.640056e-01
3.563710e-01
3.786815e-01
3.646912e-01
3.689170e-01
3.546826e-01
3.640048e-01
3.646914e-01
3.343651e-01
3.324151e-01
3.539778e-01
3.667421e-01
3.679672e-01
3.670155e-01
3.586087e-01
3.464098e-01
3.606930e-01
3.517105e-01
3.570710e-01
3.689177e-01
3.498569e-01
3.318138e-01
3.659232e-01
3.837968e-01
3.640059e-01
3.689179e-01
3.498565e-01
3.612481e-01
3.597222e-01
3.661961e-01
3.539776e-01
3.837968e-01
3.685108e-01
3.674232e-01
3.590260e-01
3.438027e-01
3.721553e-01
3.713486e-01
3.581893e-01
3.619394e-01
3.694594e-01
3.608329e-01
3.764305e-01
3.544000e-01
3.521366e-01
3.646918e-01
3.604165e-01
3.590266e-01
3.765634e-01
3.705401e-01
3.534122e-01
3.612482e-01
3.676958e-01
3.552460e-01
3.586085e-01
3.549652e-01
3.544007e-01
3.606930e-01
3.354105e-01
3.606938e-01
3.728272e-01
3.522781e-01
3.458324e-01
3.567907e-01
3.710794e-01
3.737645e-01
3.583292e-01
3.414670e-01
3.657866e-01
3.741659e-01
3.494276e-01
3.518523e-01
3.629051e-01
3.300006e-01
3.619385e-01
3.386742e-01
3.720217e-01
3.690534e-01
3.606941e-01
3.689176e-01
3.536948e-01
3.536948e-01
3.695946e-01
3.792104e-01
3.477069e-01
3.505716e-01
3.590263e-01
3.766961e-01
3.640056e-01
3.606939e-01
3.627678e-01
3.693234e-01
3.745663e-01
3.640059e-01
3.651021e-01
3.640056e-01
3.717525e-01
3.551055e-01
3.488549e-01
3.626292e-01
3.760322e-01
3.546829e-01
3.548239e-01
3.551052e-01
3.702699e-01
3.701350e-01
3.512836e-01
3.786817e-01
3.722904e-01
3.737642e-01
3.488556e-01
3.670156e-01
3.549644e-01
3.612479e-01
3.583294e-01
3.584687e-01
3.679681e-01
3.801321e-01
3.733626e-01
3.690526e-01
3.679670e-01
3.678318e-01
3.615250e-01
3.651025e-01
3.722901e-01
3.468432e-01
3.558084e-01
3.591657e-01
3.668793e-01
3.766962e-01
3.646913e-01
3.535537e-01
3.488558e-01
3.667426e-01
3.606941e-01
3.478501e-01
3.646918e-01
3.672874e-01
3.563710e-01
3.472756e-01
3.548239e-01
3.397054e-01
3.777564e-01
3.606938e-01
3.536941e-01
3.577705e-01
3.661962e-01
3.580499e-01
3.689179e-01
3.552462e-01
3.494278e-01
3.724249e-01
3.722897e-01
3.732294e-01
3.690534e-01
3.796048e-01
3.640045e-01
3.488549e-01
3.689172e-01
3.854870e-01
3.721558e-01
3.659239e-01
3.689176e-01
3.689169e-01
3.765630e-01
3.615249e-01
3.364519e-01
3.602784e-01
3.648287e-01
3.588869e-01
3.436570e-01
3.606928e-01
3.414677e-01
3.586087e-01
3.818374e-01
3.619396e-01
3.682394e-01
3.780219e-01
3.500003e-01
3.569322e-01
3.652397e-01
3.720219e-01
3.690531e-01
3.534120e-01
3.535538e-01
3.624913e-01
3.624908e-01
3.792090e-01
3.528456e-01
3.449642e-01
3.512837e-01
3.733633e-01
3.583298e-01
3.484247e-01
3.524201e-01
3.445286e-01
3.615246e-01
3.491419e-01
3.501425e-01
3.458326e-01
3.579110e-01
3.635930e-01
3.637303e-01
3.464106e-01
3.661966e-01
3.863940e-01
3.597221e-01
3.570718e-01
3.407346e-01
3.438028e-01
3.556685e-01
3.737649e-01
3.773598e-01
3.633177e-01
3.433654e-01
3.539776e-01
3.709444e-01
3.689176e-01
3.395581e-01
3.402943e-01
3.552464e-01
3.645546e-01
3.495709e-01
3.689170e-01
3.770944e-01
3.507137e-01
3.525620e-01
3.624918e-01
3.591660e-01
3.613862e-01
3.702705e-01
3.536945e-01
3.376385e-01
3.644174e-01
3.597222e-01
3.343653e-01
3.376385e-01
3.659233e-01
3.802632e-01
3.594440e-01
3.584697e-01
3.691886e-01
3.757657e-01
3.500002e-01
3.507136e-01
3.786827e-01
3.556683e-01
3.551058e-01
3.518526e-01
3.606937e-01
3.676957e-01
3.602778e-01
3.626291e-01
3.478504e-01
3.624918e-01
3.651028e-01
3.498567e-01
3.545426e-01
3.618003e-01
3.548240e-01
3.712142e-01
3.512835e-01
3.661968e-01
3.682387e-01
3.710790e-01
3.590261e-01
3.593048e-01
3.709444e-01
3.367487e-01
3.638683e-01
3.659233e-01
3.529874e-01
3.726936e-01
3.634554e-01
3.581899e-01
3.679672e-01
3.701355e-01
3.479943e-01
3.602777e-01
3.423446e-01
3.624913e-01
3.865231e-01
3.732285e-01
3.646923e-01
3.733640e-01
3.600001e-01
3.749669e-01
3.635927e-01
3.419063e-01
3.586088e-01
3.670151e-01
3.652395e-01
3.539776e-01
